,zgu600_cluster1,zgu600_cluster2,zgu600_cluster3,zgu600_cluster4,zgu600_cluster5,zgu600_cluster6,zgu600_cluster7,zgu600_cluster8
1965-01-01,-0.06581754626139351,-0.07244730151669923,0.07084675866072296,-0.21278508463684395,-0.19395688305730405,0.20568413091889512,0.05565608205559017,0.2340313599065498
1965-02-01,0.03827725658598153,-0.22941153756407803,0.26747217920959976,-0.34915865684042174,-0.3019150184548419,0.18534111321395172,-0.15523778694170015,0.10195992395488751
1965-03-01,0.03512222319841385,0.1834098682847134,0.004121109644775508,0.03909009451768836,-0.1295200184635494,0.18558044065820412,-0.164593434011614,0.02061603763313205
1965-04-01,-0.025597757295421932,0.06537095665238625,0.40300850008354816,-0.3514255187949356,-0.24643794673940408,0.1555897744623482,0.05324229950437674,0.06005583779403457
1965-05-01,-0.03696570334875065,-0.04188024200672327,0.541226297128396,0.061788839497128316,-0.11920386358447696,0.04869854566476024,-0.16037284790932593,0.0854987582122838
1965-06-01,0.07855630601229875,0.0750695463529853,0.5178898084359091,-0.16248883033285336,-0.2210752309664436,-0.035981079629549745,-0.14777575527225528,0.3348119211969552
1965-07-01,-0.057916229833727295,-0.08940866520238477,0.3818894263173713,0.21758663411043128,-0.08547806545444156,0.028585977456037037,-0.15620128125757782,0.24706168031250988
1965-08-01,0.13434544367634732,-0.22032621294953103,0.5315547106695957,0.49827615825497373,-0.15620126024536463,-0.049361631485587316,-0.3724318769601014,-0.028990892934854382
1965-09-01,0.023656423487093136,0.020066421305717425,0.1695672263864611,0.12705664397502434,-0.09253644586905188,0.07252731882299937,-0.0973038106888264,0.24487257555679037
1965-10-01,-0.04328757362521213,-0.3178861598635829,0.2918337456515578,0.205634671206377,-0.12272641710613084,0.07182624164625263,-0.24323472501458346,0.11266720722670907
1965-11-01,-0.059466857625090554,0.13994377019793489,0.3801558105671992,0.5838388082932453,-0.22445253056028613,0.19671629506645474,-0.23732665288555727,-0.06691666009525457
1965-12-01,0.07474231331244759,-0.18593176852825077,0.30140896312526017,-0.13982203541969768,-0.2355350910321526,0.108478308146727,-0.23983673670807398,-0.14577208914690545
1966-01-01,-0.04573271650335063,-0.28255805373191833,0.06414998750217625,-0.018876785298391263,-0.11808081003634825,0.13962783817703844,0.2046834979508374,-0.030759877214829125
1966-02-01,0.050285296595614884,0.03978308550147123,0.16966131134111373,-0.09037702515417216,-0.2216227676557458,0.16859859122452162,-0.02452656983288827,-0.27109875033299125
1966-03-01,0.07110591977834702,-0.010157359200854634,0.3227927401417592,-0.4020763295037406,-0.1712686017803524,0.0960851715653078,0.07407085315601245,0.1315096634681578
1966-04-01,-0.08745027463073315,-0.25079706033994986,0.29564858948598144,0.3947998492085204,-0.12485695112010707,0.10438607675386659,-0.191879816151954,0.07488607489331453
1966-05-01,-0.020474023388131805,-0.12282550681469052,0.10765801931990952,-0.18858217767306737,-0.09509555023649464,0.06503824223863318,0.0630297408615415,0.1444907858967781
1966-06-01,0.14128108387408048,-0.3436878670093625,0.5238811500736924,0.11386115636144366,-0.022975256180633667,-0.11114484980596719,-0.2586413208428804,0.03829974836359421
1966-07-01,0.08569329815066379,-0.3628513147664625,0.3458362622339217,0.13974804659279025,-0.030885804849474324,-0.09632826062804418,-0.05826662286176337,0.06555134335670758
1966-08-01,0.0604522050074909,-0.18370598554611206,0.3766958830786533,0.08759631642273494,-0.07802771971277568,0.0034499583197823654,-0.10799025646872348,-0.14542937968616132
1966-09-01,0.046316712446834725,-0.2072535281957582,0.27842294485842595,0.3489423163083135,0.03095036979926669,-0.044911468388341,-0.1262097510400119,-0.10911113824005479
1966-10-01,-0.06811072159072627,-0.4148722388023554,0.18463668520333337,0.2494315103608735,0.048615135576414024,0.057393219982478635,-0.2229860841153978,-0.08214777119940629
1966-11-01,0.03344008253644342,-0.3632075911344484,0.09289557327989673,-0.1839910082671107,-0.0749481113060661,0.08229809080032592,-0.13149610242328127,0.12248841769717357
1966-12-01,-0.09286058661730393,0.3426567413086115,0.09526347772019808,0.0036867245157458347,-0.08754074249578558,0.21541818236628324,-0.023000975986858744,-0.23698842635861148
1967-01-01,-0.11871819100950075,-0.17263709112655284,0.097844126771708,0.08306517740901635,-0.05702129767640777,0.1253547450752123,-0.19573872606899287,-0.07133961362005384
1967-02-01,-0.08789657250694606,-0.16905706982279933,0.14559343212940654,-0.1557517568675839,0.025908867626086525,0.052037327847582235,-0.13153287204536232,-0.20435720820117878
1967-03-01,-0.009523738054153711,0.17579816455064817,0.13961375492518066,-0.07701506268004982,-0.12058638360189354,0.08207828546246738,0.16442375207269513,-0.11675144649214214
1967-04-01,0.11983557563761006,0.24718084307604057,0.19110023486809652,-0.5254812994781806,-0.2704971996338471,0.11819524967924078,-0.037352509192518285,0.017519446986692923
1967-05-01,0.22151632153469583,-0.28850311456724653,0.2382856167730738,-0.3205705358057606,-0.22000843740027884,0.007312444983221961,-0.032732967992086665,0.005641887481841776
1967-06-01,0.2521794937227083,-0.39614328118257747,0.30553487480663866,-0.5342546166205893,-0.2523205202558766,-0.043821427310612185,-0.05329441119757321,-0.025306626533468563
1967-07-01,0.0934349049044692,-0.12432576785253924,0.40863495869714705,-0.02904555817343751,-0.1344335062996201,0.07230789526134518,-0.1372917681126981,0.049639948540263705
1967-08-01,0.17516128718852997,-0.32675002896508504,0.463774995725663,0.3190601966818985,-0.05441607664460721,0.005077749015168941,-0.29061501090591013,0.21698934336503345
1967-09-01,0.043159682789574494,-0.17566982396813327,0.1765483226932463,0.11514725581723817,-0.08119956144820088,0.11081089899736517,-0.03518366699551677,0.013579934387019385
1967-10-01,0.0987052836495897,-0.3119481164355611,0.12597758017602514,0.13590315166784792,-0.2180303730394529,0.14333109377969241,-0.28740254876849886,0.27445751345819897
1967-11-01,-0.08567736848540927,-0.016851761096785236,0.169212566535981,0.318049502616026,-0.1714589641146038,0.21690301438595389,-0.13603718766758033,-0.04224099684506655
1967-12-01,-0.08850160014370213,-0.08128633679345597,0.1575413053152991,0.4847426195533908,-0.1784651985634928,0.21241187309542447,-0.16880550900021113,0.010081914822674459
1968-01-01,0.12277235155520232,0.0010377874998592361,0.22589195458615413,-0.1425174578111999,-0.32028416576592816,0.1282949819632456,-0.10905547721965891,-0.1316294719732401
1968-02-01,0.041223872129036034,0.6360076887663021,0.044889232052154227,-0.18909179738589696,-0.28711431052373804,0.13646539961192625,0.08868326072220328,-0.03303788878299572
1968-03-01,-0.00482673665670597,0.33075840667236683,0.3036551055361013,0.27385393575746186,-0.18034591946912848,0.10946691432531844,-0.25648856619456867,-0.10073030436480486
1968-04-01,-0.057316753689361656,0.46957159458204756,0.15365359235982426,0.3450129105120289,-0.0706460002971732,0.11261638174665736,-0.09064602388723476,-0.05045423146199297
1968-05-01,-0.03243465502948865,0.2749722191067629,0.08524032156975543,0.29090685503823416,0.12905408992715503,0.0007044431482646483,-0.2198950328805425,-0.14703747367969264
1968-06-01,-0.07291177044744077,-0.08192929590857306,0.6117902818273325,0.5284737567512356,-0.11265830987173578,-0.039849329181676,-0.5343547006985089,-0.006595026287767622
1968-07-01,0.24924624873244244,-0.20922335774399514,0.472981372817618,-0.1392841947321989,-0.10101330345091612,-0.10212195363450559,-0.13322900678660418,0.009214817718775184
1968-08-01,0.1698222173296887,0.3004033205121063,0.47479403800651676,0.6094924649413751,0.038164108991622925,-0.0681017703832464,-0.2765159416306126,-0.10932163956264654
1968-09-01,-0.07761766243240108,0.04290605700293253,0.271779616348079,0.5285032549682929,-0.016962379500593826,0.0525920367832725,-0.14660902119971608,0.08641333595194198
1968-10-01,-0.03811356247119282,0.20660435737565508,0.35224918459282545,0.20477618185841306,-0.11116966767155605,0.03508817378088092,-0.3052793476764146,-0.011315737005875065
1968-11-01,0.007258403702112643,0.3346765110659045,0.07756375631348032,0.20270341513108234,-0.018137280383835667,0.15340078067272267,-0.06806224181845381,-0.020752447070898832
1968-12-01,-0.010641930503365786,-0.1668052964432295,0.10299101227619609,-0.10339356198602793,-0.11506537380425826,0.19063357765792957,-0.08258294683318954,-0.1358960927636535
1969-01-01,0.02002216389645701,0.002057343954220414,0.2297801561042911,-0.07025799428930088,-0.23182202940401822,0.06791062336018745,-0.08233864833642769,-0.04926451537930579
1969-02-01,-0.03678360144081323,-0.1392803566400395,0.07514017405080013,-0.29706745123376654,-0.06527246745384258,0.07333966592947642,0.05718190894202069,-0.03115982420880485
1969-03-01,0.06684890097897986,-0.16641195776850679,0.13539543161626721,-0.2606619073420155,-0.10912058793980142,0.08971858637552735,0.16461702583877888,0.11487838777678984
1969-04-01,0.03709073947823566,0.30128536529319233,0.24873328502060937,-0.06823128431427236,-0.23687938633172406,0.17798501231991654,0.010248175444635185,-0.09879558864567015
1969-05-01,-0.05351661744972934,0.19381446547286454,0.3896264023468143,0.03595619785542391,-0.15397198174310767,0.14276602800856247,-0.11136854184908909,-0.15289448201656342
1969-06-01,0.10000247022379999,-0.3825575459835141,0.2681789095284509,-0.016557947941580598,-0.16788623255232105,-0.018843452954757298,-0.09184822666685323,0.2518066929446326
1969-07-01,0.1912554806989172,0.20468740962272466,0.4132944540899308,-0.20292641556992824,-0.13575608153706012,0.006968378756485933,-0.12387486325727926,-0.09425039644594545
1969-08-01,0.2749271366907203,-0.19770813889281694,0.14550564963309492,-0.08569818218143618,-0.07067649908687756,-0.10159441025544566,0.03219366342097789,0.05401915922347042
1969-09-01,-0.14881893344547437,0.14053813593332157,0.24576441186373352,0.7388367336623523,0.0737747258466223,0.05944605110913304,-0.20351530732335268,-0.18879930247311238
1969-10-01,-0.05720702769315761,-0.28042769016221514,0.10943381024188682,0.3080697996275766,-0.11007096618413925,0.0809289779223449,-0.1817895653280052,0.020824725463710447
1969-11-01,-0.021846076149655422,-0.15184844649115276,0.2848506950941242,0.03603485089783766,-0.1728609528230584,0.1654011349306039,-0.04794805033786877,0.10828344394987517
1969-12-01,-0.11062198521002478,0.0016780134268798107,0.15837182519865817,0.1937721152694858,0.009784082193737444,0.16770526132685074,-0.02809928411299044,-0.1948348487968798
1970-01-01,0.002110755810028185,-0.13000665362491165,0.2005648783973006,-0.19950824124472483,-0.2569329155528027,0.2324119474448211,-0.07564192553898234,-0.021604401559603435
1970-02-01,0.017578251983808434,0.31072071125341016,0.24066877658249902,-0.13978948094406907,-0.19892486541167548,0.18104302650647808,-0.05031323463127419,0.04930595556894938
1970-03-01,-0.03866597038248311,-0.15298412289730337,0.06583622488819185,-0.2100771483109922,-0.14656735179216965,0.20459708592570422,0.15719013607448284,0.055824973861928334
1970-04-01,-0.08980844007885974,0.3097782994425574,0.19902760376695727,0.19447584541476504,-0.05751850650362346,0.16958953429621162,-0.053773517510643944,-0.1390044129005185
1970-05-01,0.08631078931300536,-0.2549670809923216,0.1938444302707422,0.1700509567649997,-0.04795972338837126,-0.08278589774953558,-0.20838665129902126,0.15012725359863704
1970-06-01,0.2654975847057674,0.1786322787750599,0.5605941424604323,-0.09890576558453697,-0.18555533302866895,-0.03043935891795666,-0.329434428666089,0.12696962976069362
1970-07-01,0.08086526523465695,0.2001339093197224,0.31229685075947494,0.1381144687837484,-0.06880005416662796,-0.00811432792098387,-0.22792666479273957,-0.19490807834598753
1970-08-01,0.22297700786072275,0.41045584650926814,0.49323053633580444,-0.2942706857408796,-0.1350401455293531,0.054305759820003886,-0.14959591029732075,-0.26618119467187806
1970-09-01,0.12809341854375342,-0.2134684213372164,0.388066617191815,0.39406905368882783,0.051514257717391716,-0.08471833000369106,-0.23380414591179235,-0.35395489798651797
1970-10-01,-0.0265047844985257,0.21353123146434164,0.26722223055167277,0.25196400832156746,-0.08620546077904494,0.11015846691233047,-0.15541458049335993,0.042983668821829336
1970-11-01,0.0001709297541073402,-0.2619533864564674,0.36110648366271475,0.3610826268488047,-0.1706392220828844,0.09624135700312067,-0.09782902292303136,-0.18910442789395648
1970-12-01,0.05541401307867921,0.13061436109764632,0.20669068469375862,-0.01147829604392149,-0.17735088325065115,0.1325056590932481,0.009172225186416694,-0.10516872905470706
1971-01-01,0.023183459416031837,0.08339665310327397,0.21912726711054317,-0.23099942779054447,-0.23851211628188257,0.2136607700628592,-0.08933725557080259,0.01914738849909217
1971-02-01,0.08962566599897716,0.04581597655318504,0.16236619138326802,-0.19516123800861593,-0.2450451416813809,0.19403329872070477,0.06286395831151051,0.13332292437553406
1971-03-01,0.11534981591546016,-0.02253438281111939,0.08846677717615346,0.11060817965439387,-0.339897527642872,0.19696568872066256,0.05420679771886752,0.24161676151884925
1971-04-01,-0.013606397070638512,0.2418851956378582,0.32457863209677523,-0.06068092675841585,-0.09844847347425377,0.09182702142296109,0.1470028817116677,-0.3237542592816883
1971-05-01,0.034136896062156426,-0.08382531272810559,0.33402582172487605,0.19594725905632487,-0.0697040363498356,0.0814965437331521,-0.06041310618522468,-0.08121886876998123
1971-06-01,0.1534228415592857,-0.2712366885917131,0.25048319433556226,-0.009445719687002046,-0.07994256751692813,0.02939978049711344,-0.2688156054900573,0.1941780870159467
1971-07-01,0.21055514073890189,-0.041751043741093126,0.6052106130318564,0.030717715544968237,-0.1719347322764604,-0.03664556573680107,-0.2207339011334084,0.024492172869267286
1971-08-01,0.1634651552075925,0.20272224101909372,0.4823950959033653,0.14366588118124982,-0.0029691292539886804,-0.0563512219393507,-0.21938927941494157,-0.20752125592143447
1971-09-01,0.07043421754370564,-0.16800241414890732,0.3764122724533081,0.25218719122361166,-0.08409420109313467,0.10109820555076532,-0.26146209723240615,-0.04279911518096924
1971-10-01,0.13530221160339273,0.24006616237551667,0.33991737443892683,0.19431920075903134,-0.030049329380626263,0.07829458736781533,-0.39282574041469676,0.055225038495673624
1971-11-01,-0.07799236994722615,-0.13001826266909755,0.15231933994371383,0.632213755529754,-0.010443324952021889,0.13543404902972228,-0.27594042119679146,-0.006194477383461263
1971-12-01,-0.11187923019346983,0.17733187522999075,0.27190329598598795,0.38863551251742307,-0.12981450266164282,0.22196708418798786,-0.00209823452137612,-0.21490413281652662
1972-01-01,0.015521298527069714,-0.42700850686361624,0.11337916137742214,-0.3256451414555919,-0.06024254000057345,0.10360292033523533,0.27135121258529454,0.07274899355791233
1972-02-01,0.006344231635170138,-0.3376232676727827,0.08836676839922296,-0.3883158065834824,-0.1680783441533213,0.10237925890701037,0.0225836855804061,0.11905484004980987
1972-03-01,0.09453310428754143,0.11436027842898702,0.0819146449937195,-0.25727685008730206,-0.23301724830399387,0.16200618540987055,0.11864774063363805,0.17378170871072343
1972-04-01,0.007054350419860819,-0.08901511860448261,0.21113606749987993,-0.2662809223544841,-0.16043848641540692,0.08949874140692096,0.12486105835115587,-0.04867348319816368
1972-05-01,0.03314706213448358,-0.26288167681804925,0.234731421118877,-0.3272573254546341,-0.17520761036354562,0.04257993732995176,0.05850034455458323,0.07973472367868654
1972-06-01,0.01131125280390615,-0.13493280424628146,0.311130871538256,-0.0685379517321684,-0.1831401625405187,0.10800474713034665,-0.1429977751261479,0.4067928909703537
1972-07-01,-0.037909861977981484,-0.024059945500867312,0.41872595177322136,0.4185837446426859,-0.018064768822944683,0.042769121309966907,-0.3061504782857121,0.09594085039915862
1972-08-01,0.11088350868743399,-0.09792453154574993,0.5543793811172736,0.2392847471091212,-0.059207630060289215,0.004476111989917484,-0.2658740625725136,0.2793840014082552
1972-09-01,0.1333172959478005,0.24300169113070466,0.2517004482081679,0.046587279256509274,-0.15976288072440933,0.04753758668476808,-0.30956423195364235,-0.00993952293086935
1972-10-01,-0.06023519874914832,0.09158409612123357,0.2628599766825066,0.1934625816588499,-0.11910350750321927,0.11062591818841637,-0.1238057557661254,-0.14849663022215717
1972-11-01,-0.05701183867843255,-0.310078713782998,0.12598213602284916,0.30604190364175915,-0.17689332042051398,0.2096965327753243,-0.15263184905052185,0.10076359483516878
1972-12-01,0.016519448557949585,0.047802535253901816,0.20510969591922448,-0.19432059964355158,-0.22413771113623743,0.15983189991179933,-0.06354564280660302,0.011421955639013538
1973-01-01,-0.06996863724096962,0.09743632792040359,0.19826907359185766,-0.09496120013752762,-0.15811526580997134,0.06596038633204522,-0.0818305532185797,-0.02238787495082727
1973-02-01,0.004427625959658104,0.23544541625089424,0.28571540214976326,-0.21804505769087343,-0.229152275816254,0.19093353750435174,0.17936361265612077,0.2022521232936048
1973-03-01,-0.04748291052553964,0.415645158568094,0.26940004747422014,-0.28330863130335904,-0.057204683189806725,0.15636504964625583,-0.06137146522198711,-0.07774088255785129
1973-04-01,0.07135339243256528,-0.07559531476608543,0.32251848549139306,0.06436694185344541,-0.10131152913622234,0.07379038906689232,-0.12462915399590054,0.1177398763872959
1973-05-01,0.10089620785868686,0.1271179249120313,0.2681445880014388,-0.0767463932231981,-0.166980711662251,0.028545669682905186,-0.17279939608530953,-0.08248468662646632
1973-06-01,0.1603698924831722,-0.10413517092549524,0.4729955411348187,0.10987727009520239,-0.10610818053069322,0.04901576887135863,-0.18874187660109887,0.07378425863054063
1973-07-01,0.14541821311349454,0.08892396161722582,0.545083255064292,0.05602153892419776,-0.24218994962132495,-0.01319150476723064,-0.38981353780170813,0.23122402339207904
1973-08-01,0.22323572117349375,0.07233652611111485,0.5298636975835581,0.1617764027751222,-0.0660033694104008,-0.06176035930501654,-0.36095265332642973,-0.10753233175448797
1973-09-01,0.031127225931571877,-0.4292041063308716,0.21557500127886162,0.17114383529643623,0.010353196209863476,-0.05060754029463369,-0.24496764615849329,0.08631967077100718
1973-10-01,0.06232514329578565,-0.13480465426001437,0.25646359216971476,0.2118511163458532,-0.06727232476291449,0.09188686121017375,-0.23440230000126466,-0.28340051433554403
1973-11-01,-0.06530321324649065,-0.23555445463158364,0.30174103916668504,0.40020182424662065,-0.07209369669789853,0.2155365990408769,-0.20503468207410863,-0.07938248174334013
1973-12-01,0.04377310447718786,0.28352933221085125,0.2871657004121874,-0.08395264799497566,-0.16906580523304315,0.1950707048811811,0.00605287516976262,-0.1355620411535104
1974-01-01,0.08310533088186513,-0.09684165896371354,0.10771928507773602,-0.0729543213941613,-0.13538707533608313,0.17089908216016514,0.24184069285790125,0.02944946496023072
1974-02-01,0.08410174885521764,0.40886194206947507,0.10388517966035937,-0.21339633635112218,-0.14838257237620975,0.1547573728764311,-0.0005010901404930664,-0.2004844722924409
1974-03-01,0.07307810465926709,0.12342826744844747,0.09916369177278925,-0.2756646397162457,-0.20640153923760288,0.21834949440989934,0.2032092159932798,0.16262851166646686
1974-04-01,-0.03697440514098043,-0.2402054535788159,0.31812068868855964,0.08002180530100453,-0.0447245800624723,0.09135275167670656,0.06222396015046953,0.07814352435094338
1974-05-01,0.20693457968856976,-0.3917353097782579,0.2028026053162872,-0.24982912808048482,-0.137759356395058,-0.02892541282988609,-0.10662608788357124,0.24119119539305015
1974-06-01,0.13483885027792142,-0.17191864723382994,0.16928968615219242,-0.2608719528937826,-0.08188695039438164,-0.02806685230833419,-0.04103854592251885,0.005899693954873967
1974-07-01,0.1189876509749371,0.013266690075397491,0.5242925198351751,0.21736491091397345,-0.10506820905467738,0.05013355308258576,-0.31433337712073106,0.061982539827349005
1974-08-01,0.06828317823617354,-0.1768273669619893,0.3642481370050399,0.4322426355614954,-0.006115680519977342,-0.08685388040880786,-0.1987676832590017,-0.020518231084915222
1974-09-01,0.1613665048194968,0.02239840321762617,0.46973160055817154,-0.2022194314976128,0.0671849829023299,-0.06675402640450931,-0.1209847762003994,-0.08013723763050856
1974-10-01,0.10820236866888792,-0.1209010998176974,0.40756493318276327,0.30369372392187316,-0.17471443051877228,0.07005316132666371,-0.2849019862510062,0.10842246141422678
1974-11-01,-0.10841075816880101,-0.2597646831079971,0.18625878652588265,0.4354541399041001,-0.02156514471963696,0.17665482476247965,-0.18014048670863245,-0.06585785325754571
1974-12-01,-0.06916989450869353,0.04862676439590232,0.11856653651253123,0.1687450372442907,-0.07034230815327686,0.15439496818163717,0.11087162336250682,0.006009934952965488
1975-01-01,-0.014294376191885574,0.09602376714695332,0.22638979993882727,0.1694404196982481,-0.18921452371970465,0.24000522515452502,0.0055403035419347045,-0.16626411428054172
1975-02-01,-0.11721103573622911,-0.18332267916479777,0.15863048248603695,0.06755643657275609,-0.09248685091733932,0.15335911026237706,-0.024855116734633573,0.16350051112197062
1975-03-01,-0.05212269480461659,0.3499788946883623,0.237834526867163,0.19502918026885208,-0.08250887951125269,0.10941856514319039,-0.0408435907416247,-0.07298473717161902
1975-04-01,0.017391789056684658,-0.1145107108493184,0.2454923068890806,0.22601377294988048,-0.1268644776681195,0.09172866319088226,-0.1036005916896167,-0.010756092766920725
1975-05-01,-0.043065351960451706,-0.21252545506455178,0.12464895844459534,0.17492655588656056,-0.058938550722339875,0.09864348099164084,-0.12835697145075411,0.20844232704904342
1975-06-01,0.17538258562917294,-0.4695858373198398,0.3954196318251188,-0.18217359878578965,-0.11290938633939494,0.03046151514805801,-0.03076710880876661,0.09640297266068282
1975-07-01,0.0980645175213399,0.23536352917205455,0.5241428242355096,0.2578593030267832,-0.07706640855125758,-0.032797060801205064,-0.36698222697318134,-0.09354957965789017
1975-08-01,0.18886228942352792,0.04592158420141353,0.4493916132411019,0.028596626480623166,-0.041748842467432434,-0.035132803287066465,-0.15122804052389419,-0.3776928616894616
1975-09-01,0.07592063883076543,-0.16235979490501937,0.24275994691692415,0.2603068643686723,-0.016183747262086556,-0.019006118350100857,-0.40944638821455803,0.007215056016489311
1975-10-01,0.12045334214749542,-0.18834322690963745,0.30895039194920026,0.4419190847143835,0.04272536253151686,-0.034864641831698996,-0.2549884287086693,-0.08082093015589095
1975-11-01,0.01632489527211241,-0.013748548794970956,0.43839997932559155,-0.015186166808921464,-0.14244954547156458,0.11318169322842403,-0.24689555436641245,-0.03698876955442958
1975-12-01,0.047896146450353706,-0.05485907543537229,0.0954007699352796,-0.03360518235333112,-0.12694980301286862,0.1163279598063611,-0.02061264203475402,-0.007955964516710351
1976-01-01,-0.02572994233797426,0.01685278013695118,0.27931664810806023,-0.06729359073298319,-0.18852458375951517,0.18468659820286096,0.30570926295744405,-0.04323281162349438
1976-02-01,0.039512975870267204,-0.07853771364966104,0.1475370443258129,-0.197444171929846,-0.2152190584203471,0.20587818419679685,0.230075747848631,0.05800223184956444
1976-03-01,0.11392492477012717,0.11734964196072069,0.257116898161466,-0.33398936597668394,-0.1466600143391153,0.1122236304672052,0.17198850442697333,-0.07257881677813
1976-04-01,0.10413959946321404,0.058218351630277415,0.106674176259119,-0.09920787902510896,-0.13309783585693524,0.12928905322196638,0.003680506268063107,-0.2761916567881902
1976-05-01,-0.05302095137860464,0.03284423200543537,0.27857144347956925,-0.02804282216393218,-0.15130778369696243,0.17053987962979797,-0.05459873391701294,0.1842995277709431
1976-06-01,-0.03551629007510517,-0.6442566943723103,0.3386705869533977,0.28142196183301965,-0.041487744159024696,0.0047065588440878174,-0.11895971859360599,0.17054527480569148
1976-07-01,-0.028195294915981915,-0.2516468943551529,0.2171362521218472,0.059918553701468875,0.012833066284656525,-0.02177717851091784,0.03866901000340779,-0.12493326190721105
1976-08-01,0.08950375182473141,-0.14406259843083316,0.30325868579207876,0.27539812180460715,-0.15095297409140546,0.09227340664476791,-0.24912714421212134,-0.07136821643345885
1976-09-01,0.034028765462014984,-0.36288170620452526,0.16002508460498246,0.28848292268052395,-0.0063078882901564885,0.06104949647098357,-0.13597633454713734,0.1823019305313075
1976-10-01,-0.1044351445591968,-0.04768353821926339,0.43325883443238306,0.592455328727255,0.06004411565220874,0.06303175068493432,-0.2051354595669755,-0.156181288400182
1976-11-01,0.07237779867389928,0.007201086318250312,0.4261006585887221,0.5087563273858051,-0.0468945252182691,0.05020040536550343,-0.2254686511314667,-0.26520769353266116
1976-12-01,-0.11395367429308269,-0.04922248163195544,0.15017669953283716,0.016215705901992564,-0.07254734797322232,0.2085409054519437,-0.013683371346544574,0.14684512409278086
1977-01-01,-0.047405659342589584,-0.24456849624944288,0.2419301720916248,-0.30332022175496937,-0.2028039778056352,0.20593616133886028,0.1409735429931331,0.06555541142545364
1977-02-01,-0.12553654935048975,-0.3902226339939029,0.018849020793301162,-0.04964186144726617,-0.1498711821825608,0.1810050021249352,0.33309904287930003,0.3089134891827901
1977-03-01,-0.009699653753119966,0.4145146455875663,0.3361689506984148,0.13702301954736515,-0.1942752658025078,0.17420670136492303,0.12470387794949986,-0.07165456039796549
1977-04-01,-0.11554835769145384,-0.000757679104978262,0.22491038334174235,0.07283968888983434,-0.04718744236490001,0.13126011752913186,0.05689742387616419,-0.1580965912176503
1977-05-01,0.0790665412078733,0.03941045251003532,0.1853875449446381,0.02789075809473894,-0.05002761178690454,0.06480155486270046,-0.014581976810822614,-0.12192933785694617
1977-06-01,0.02182038784351038,-0.2508409494577452,0.3408989701114717,-0.10325599233714902,-0.07578191225943358,0.07226732130169024,-0.22669420451731292,-0.15896649134379845
1977-07-01,0.1125660927399345,-0.4438816461452218,0.42279528789832943,-0.20114809882884124,-0.09410028224406035,-0.026861098694040422,-0.11084438175768464,0.09563811882226554
1977-08-01,0.09981275576612224,0.015236783859341643,0.025553876137147186,0.09218275699080253,-0.07867876278317493,0.0304242767763476,-0.09264558352328635,0.15060470129052797
1977-09-01,0.023323769235740536,-0.1600829494553943,0.23858327357495418,0.18486867145616181,-0.052200480485739914,0.05900094695125066,-0.06290982133364892,-0.12511068748103246
1977-10-01,0.024114972304390823,0.19409843655519707,0.27525166019064484,0.09623302945068904,-0.15471956652143726,0.1015610675862495,-0.2847861381130175,-0.1344854012131691
1977-11-01,0.04163271464083505,0.04759862759085589,0.31646814991216193,0.23374384155078812,-0.12712195191694342,0.17186190853727626,-0.1774258777364954,-0.18384564254018995
1977-12-01,0.0004598033505633635,-0.11873052910316823,0.20472959416811584,0.03458123502074456,-0.16413400678530982,0.14842441635774384,0.042560372736539925,-0.024052252303119057
1978-01-01,-0.09562630692253941,0.16762749400249746,0.1096476541190851,0.01319587819886451,-0.07502895010554272,0.05415506026846298,0.25112840298747824,-0.13428391129882247
1978-02-01,0.007821085012477377,0.35837497128996737,0.12505325626154415,-0.06833207242342891,-0.1176288027478301,0.0840508445093395,-0.028288290575817897,-0.15536862322025827
1978-03-01,0.20174261020577472,-0.072606990850249,-0.1008350524257441,-0.10669986356277855,-0.07594631093999614,0.08050393022543996,0.028881403776976438,-0.057421320902735544
1978-04-01,-0.13552121008219925,0.24177419931389565,0.2840975513223742,0.423007747348474,-0.2461208921411763,0.1935355470958331,0.006208238233854104,0.08187600825395848
1978-05-01,0.017368728699891464,0.030144678731990414,0.43114267411779184,0.41952999878902825,-0.11693674909031909,0.1271778810108807,-0.2651261786619822,-0.13090416064692867
1978-06-01,-0.01981063624439032,-0.6934180509212405,0.4611226378894243,0.637199440780951,0.004568853941948517,0.0378816897142018,-0.07725160669636082,-0.0038110237154695722
1978-07-01,0.02935310299305812,0.17455071210861206,0.37389505104940446,0.3049036982108136,0.02736222079914549,0.0071271672739204785,-0.0815441546676395,0.1670757170628618
1978-08-01,0.10790982000205827,-0.14383349307747775,0.2869036109721074,0.28082068477358135,0.0220998453543238,-0.0225106676947986,-0.15272369927114193,-0.32072666066664235
1978-09-01,0.03541788572202558,-0.09851648883764134,0.3669942011598681,0.23350323341330703,0.013912065238084482,0.012206168620721668,-0.021676813159976993,-0.08508302616300406
1978-10-01,-0.017513794338573578,0.0065717737861844,0.24233294315025455,0.4580999515494522,-0.08435425065133882,0.0814712626185823,-0.2962381990106256,-0.20626070736734953
1978-11-01,-0.06192411579515623,-0.1408384809660357,0.2877671454773575,0.29456125838415964,-0.03638976537015127,0.15948506745886296,-0.09105810643853367,-0.26113933849113957
1978-12-01,-0.021162060210886208,-0.41926291792891746,0.20916215220435722,0.14712032006711376,-0.10350860007431195,0.10885715431778144,-0.02779408571989955,0.17344808136975323
1979-01-01,0.07460650218569714,0.3392835342606833,0.12761366660477685,-0.1625390989439828,-0.31909848684849945,0.24816058840312014,0.09311412939348736,-0.11616419586870405
1979-02-01,-0.0006425248221089334,-0.059893878913202955,-0.009158479629969988,-0.1760487349665895,-0.16434030688327292,0.15352319741079995,-0.032682703421996515,0.01702735899016261
1979-03-01,0.11162591855163159,0.33482902271803033,0.2006779073691759,-0.21824721170931446,-0.22860276310340216,0.16985479610186097,0.016846491007117537,0.021165919800599415
1979-04-01,-0.014091217282997524,-0.03845787412205408,0.22031828516819438,0.1322421492362509,-0.060410971712806946,0.14228628987961628,-0.18246317164854958,-0.08322928721706072
1979-05-01,-0.14452181108619855,-0.5194530237552731,0.14056992091116358,0.4282635997752754,0.058661385074905724,0.08480850712838749,-0.09331359519614829,0.1476938422355387
1979-06-01,0.02859928847655006,-0.24574021267336468,0.23185478859260433,0.07402769156864711,-0.025654252132643822,0.017047453017786464,-0.07084166664663735,0.12749614263022388
1979-07-01,0.12938450697971426,0.21215966621110605,0.30525607652351505,-0.24687818118504115,-0.05632784298580625,0.07050082430983266,0.032264282843014136,0.05141580132422623
1979-08-01,-0.01786751875086971,-0.08620554797871169,0.26387701757618637,0.765600070661428,0.16274235170820484,-0.07952299589912097,-0.2516312239406345,0.07955446468528221
1979-09-01,-0.09145234589991362,-0.17295102047365765,0.29261512834517683,0.7294340401279683,0.10568141613317572,-0.01054166003744653,-0.356909847474313,-0.17498356324655037
1979-10-01,0.02492305458239887,0.03418525420995646,0.054646228424838336,-0.09051707326149454,-0.013213641131701676,0.11539141654122806,0.0840732072656219,0.12602414504659395
1979-11-01,0.0141351827946694,0.041445314364377844,0.3153733054145438,0.1585634995479973,-0.2295754040065019,0.17615089074094245,-0.2390442332168957,-0.07538505424572914
1979-12-01,-0.1391784976357999,-0.18113212183464406,0.11679845266654844,0.18995577583507617,-0.05139367978857911,0.16893629275315197,-0.047746988727610455,0.004572292393142426
1980-01-01,-0.0027731068574054084,0.22756945948268092,0.1342296111779135,0.025903671143614516,-0.13954644293888754,0.14000695119512843,0.04801193067619392,0.0040278528575544
1980-02-01,0.059870626453472214,0.6983989893003951,0.1759149378440419,-0.025918674940357402,-0.1839864513148432,0.14120304415411983,-0.012420332646584724,-0.15891477879550722
1980-03-01,0.020481733119358185,0.09949442085831664,0.13357189590813684,-0.4484352408623209,-0.22068394590979037,0.21800987475307276,0.17246333798309701,0.33324339461547353
1980-04-01,-0.009155421234343363,0.25477126933807553,0.2618493848159665,0.21607279777526855,-0.1661941895018453,0.08410286184743787,-0.16442617183333044,0.10966652383406957
1980-05-01,0.18334187891172327,-0.06841678865427195,0.25487591008670996,-0.07976401521235096,-0.17269292603368344,0.023047149706473376,-0.10484715437029932,0.05030606838840025
1980-06-01,-0.02527546299540478,-0.026136716871067535,0.3498620674258373,0.6157251036896998,-0.031834972374465156,0.006200066364720359,-0.23745046005592688,-0.10234522460787383
1980-07-01,0.04387373995521794,-0.740687930306723,0.29787682607525684,0.21334620458739145,0.06969444777654564,-0.09058791060819694,-0.19419929599976754,0.28054901157264356
1980-08-01,0.15595027286073435,-0.050568238420541894,0.21085404470318653,-0.19012686549400798,-0.0694989510204481,-0.018058099011157423,-0.11577360533379219,0.26783865910989263
1980-09-01,0.003750651376321912,0.14116657507974048,0.21357631585637077,0.2283071528892128,-0.10946235093085661,0.010330921223928743,-0.1069580095711055,0.14699228383876659
1980-10-01,-0.07477306315432423,-0.0864418353452239,0.2872860822521272,0.6321034869369195,0.010219147509854773,0.06005116837455872,-0.3253229633644894,0.07486348902737652
1980-11-01,-0.037507834317891495,-0.5113862628160522,0.26488873313684935,0.2925537982765509,-0.08752742863219717,0.07281744892292835,-0.24363226047507275,0.007536786573904532
1980-12-01,0.08035740288703337,0.022515962116940076,0.13172445727176355,0.07210070533411844,-0.2819116996682208,0.217710054935293,0.03928050801560685,-0.04819950295819176
1981-01-01,0.001893917468133504,-0.28179700291434,0.21665201323931335,-0.006055861844548157,-0.21432356342025424,0.09020932071597865,0.22098325394295357,-0.12071589697842244
1981-02-01,0.0016166629907472625,0.291015415690666,0.16794844729001404,0.10511108807155065,-0.11825627930786298,0.07816669630243424,0.03300599527318735,-0.0212051422783622
1981-03-01,-0.027061899638046387,0.1339123172815456,0.03720634601643828,0.17374883196791824,-0.0872405812792156,0.16555777149842987,0.012712904277282791,-0.035950120676446845
1981-04-01,0.020896936969264694,-0.042675639134506844,0.12671776482316313,0.034402565536450366,-0.2652592957019806,0.1661158675420369,0.02011792264408893,0.14624859516819316
1981-05-01,0.1901495715846186,0.00718988174962443,-0.014256325657250452,0.14592030522774677,-0.07080723248098207,0.056774520599250256,0.03200562016384021,0.0520557165145874
1981-06-01,0.05608575175637784,0.16726160118746203,0.6376998346360003,0.4090438996042524,-0.024344134346946426,0.07080340110663827,-0.10242180915566178,0.03661843085730517
1981-07-01,0.08693818488846654,0.03979868840339572,0.1600571587437489,0.21812067348129896,0.001198863079164015,0.03648711606226069,-0.10329634286798871,0.15870804932934265
1981-08-01,0.07978031492751578,0.09131234918915948,0.39952453531202725,0.35989387911193227,0.025929749497900837,-0.029152210352691353,-0.19181695271719681,0.10539552011458134
1981-09-01,0.08782763843951018,-0.10136518367501192,0.3847651794308522,0.026479479381624534,-0.1984413875185925,0.058236578149152986,-0.3286887530807976,0.12946861485640207
1981-10-01,-0.0341821421423684,-0.21797326761622762,0.17265383093083492,0.03895257048460902,-0.12801537371200064,0.15839845576184863,-0.07273565709322422,0.20604201902945835
1981-11-01,-0.007797689582018748,-0.029553620274676833,0.2286191357940924,0.5060295973505293,-0.021405785304048786,0.08846515565053792,-0.19651076815149804,-0.01748890133091697
1981-12-01,0.04105193378484767,0.59065603932669,0.2327524247716685,0.036065573138850074,-0.21306355686291403,0.22898887066130943,0.017968730514382455,-0.2420169335824472
1982-01-01,0.004991033600400323,0.05159116415090339,0.06029956409188568,0.033654922581448844,-0.25167300001434656,0.13047039825865564,-0.08589919438367491,0.21572991584738094
1982-02-01,0.09866898636455121,0.48677193564037946,-0.07672934624992434,0.07219422532587635,-0.1848529376413511,0.08039084718899524,0.13541668854855202,-0.2676755396856202
1982-03-01,0.05488857302976691,0.22497173658637112,0.15831626340991162,0.08010811799642992,-0.2067238416360772,0.1675346905880786,-0.041705180328708506,-0.08592248583833376
1982-04-01,0.03856932744383812,0.3425211753956107,-0.004131899627505756,-0.12857463895058147,-0.14593989952750827,0.13826246908370485,-0.04443142999399889,0.012031996070786758
1982-05-01,0.05017198703211287,0.16811678922453593,0.0010415458418123547,-0.020172418456296533,-0.09125180380499881,0.11929685104611919,-0.07764562137995486,0.061605011837349996
1982-06-01,0.19795507516549982,-0.15012076081231585,0.5216297556142339,0.18309181442066116,-0.19819550216197968,-0.024921141881892022,-0.20447531127714894,0.03317314010389425
1982-07-01,0.07346333206995674,-0.578717055708863,0.2913867596720086,0.1504957067723177,-0.029735404836094895,0.049854240360412194,-0.08913884191094218,0.11664969087750823
1982-08-01,0.13714053708574045,-0.1456035431041274,0.3007074359987603,0.08669316160435579,-0.19634924829006195,-0.04452219933060044,-0.31198618916777876,0.04597566676912484
1982-09-01,-0.08097665141458096,-0.18484186987544216,0.07365664742032035,0.494619048371607,-0.0068115510815835514,0.10227100223514206,-0.28876136350739107,0.20405292786933757
1982-10-01,-0.03017963760572931,-0.14493199455183606,0.10243935174629337,0.18289460211384054,-0.10429870985124422,0.17150699405382713,-0.07198417039067895,-0.019998051640060212
1982-11-01,-0.08119723719099294,0.4817448036615239,0.19827113776910502,-0.10366351628790096,-0.17506436485311258,0.13437835988423505,-0.18388450749822563,-0.19875560645703916
1982-12-01,0.10021392094052356,-0.21032211045886195,0.2318430875168472,-0.04206999224059436,-0.2177796124116234,0.09898617599450105,-0.16789101064205167,-0.08992077092881555
1983-01-01,-0.08084769158259682,0.16270638551822927,0.15310052721226802,0.02960218306706876,-0.13573943920757459,0.16857161061138126,0.1357105115915204,-0.10760569237862472
1983-02-01,0.154205120128134,0.23538513585578563,0.23854824363208207,-0.4085177061509113,-0.3364938108817391,0.14391944129416284,-0.014288756138485697,0.1409761055752083
1983-03-01,0.11976979187001352,0.0760622582463331,0.04215108871948524,0.005694572832815502,-0.07412441722724748,0.04802764267891857,-0.00019382920351114358,-0.31631908345001714
1983-04-01,0.007496928573464569,-0.14719997727593712,0.19208026714012272,0.0714772133802881,-0.0043072894660998945,0.10236134977205426,0.032405454564738916,-0.0036454880265174086
1983-05-01,0.11996753999720448,-0.4360662296760914,0.15323292769369531,-0.27062397222129664,-0.10075656616169473,0.0424942100777271,-0.015027845605603746,0.133619611841385
1983-06-01,0.15450155605440555,-0.24327634032382522,0.4405874209325822,-0.07561090193232711,-0.1283483984677688,-0.030551393060608115,-0.16301491440416455,-0.060286387559716346
1983-07-01,0.06730650430140288,-0.07966228349264277,0.36510651717420484,-0.0017311470345498957,0.028663009162182392,-0.018396031719150274,-0.07234501341978708,-0.136554561106971
1983-08-01,0.1625574477340864,-0.20144261246503786,0.3893765025451535,-0.15307024729495147,-0.23524272053138068,0.039227643704160736,-0.1930952407755293,0.06862815590230403
1983-09-01,0.19887599932110828,-0.05849926884091178,0.20478529031159448,-0.05013264183487211,-0.02898128662744294,-0.04173620927629742,-0.15085787923486382,0.00978007360740944
1983-10-01,0.04063243775264076,-0.1638180814510168,0.3095568203535236,-0.058801932146354596,-0.018041645703108414,0.03964528375377892,-0.19805306518400037,0.0021128052914584122
1983-11-01,-0.12209671347037605,-0.09129720545092294,0.3709682675658679,0.39458588069798994,-0.10234111839014551,0.19465005355523834,-0.08213476840037483,0.09519927617576386
1983-12-01,-0.053282061834698136,-0.332423351531805,0.2516418206887167,0.20556060635313697,-0.2363450825214386,0.18747905467418916,-0.1323996732632319,0.1040771983012005
1984-01-01,-0.048878780849601906,-0.2714415449042653,0.1796976342552998,0.12062305242431408,-0.1561862133119417,0.09953004063655299,0.14009189766806524,0.26080803600726304
1984-02-01,0.04382324607475944,-0.012089969417036966,0.0762215342189445,-0.07610987795858967,-0.2266372351542763,0.24285055432759278,0.06759767462541391,0.059810353020482036
1984-03-01,-0.013358708794998085,-0.053651336320610934,0.09923238979011285,0.25744933863075414,-0.08038870342399762,0.11089489075308996,-0.07885443130591968,0.1252455588352556
1984-04-01,0.10764146142679712,-0.3637450378994609,0.3276939274834805,-0.13735464641026088,-0.10232163350219312,0.049035988272504605,-0.1095074623286187,-0.09419874253648299
1984-05-01,0.1486584220243537,-0.012446069266907004,0.35853608221304223,0.023378872749756793,-0.2944743503694949,0.09424176516262353,-0.24640008404448224,0.051975405464569725
1984-06-01,0.13712691548077957,-0.3865141508191131,0.3314473345631459,-0.3475879223979249,-0.18906373044718866,0.013450821795573472,-0.17446859462841136,0.017814462383588154
1984-07-01,0.09080659112204675,-0.17101262197938077,0.5437920328046455,-0.12413682226015597,-0.032823243299904076,0.044455823112041395,-0.002584707092594456,-0.18383598438015689
1984-08-01,-0.024834987909897514,-0.0034294897950319357,0.2828781966303216,0.634805584440426,0.035697229854438614,0.04496703730195972,-0.054755233026839586,-0.018091127276420593
1984-09-01,-0.09169146094633185,-0.08006323735381282,0.11762205938823887,0.3255596270366591,0.11584173240091489,0.029497105192313806,-0.09470488540492615,0.14521994248584463
1984-10-01,0.14857947826385498,-0.1986996205740197,0.30940353381829183,-0.00826707489940585,-0.22875255216722903,0.1308422509237384,-0.1302751066448452,0.20342393329849948
1984-11-01,-0.06689453578513602,-0.40528878223064335,0.31568232129831786,0.23275350733679168,-0.10438057715478151,0.1795082174717112,-0.30423463867591305,0.0026583119674965187
1984-12-01,-0.047008442166058914,0.06514258769362472,0.19988305256014965,0.551162812174583,-0.09057304781416188,0.12509093111288463,-0.2712390847034282,-0.1914730985407476
1985-01-01,-0.02842928161439688,-0.0918323477340299,0.15106892488041862,-0.08545675295956282,-0.13723153135050897,0.15668942467540714,0.0425744642344144,0.12972180869568276
1985-02-01,-0.08766554781924123,0.16507738551428153,0.113367924436194,-0.16343367038940898,-0.06443476304411888,0.1337219941172194,-0.02915490720723126,0.06227816317092489
1985-03-01,0.03643947774949281,-0.025183343610098195,0.30625457646416837,-0.4003394319086659,-0.20114779472351074,0.1201661211167667,0.13761731485525766,0.08859875853414888
1985-04-01,0.06913494966600252,-0.001629361704121842,0.206462525930561,-0.051671943190146466,-0.17934840010560077,0.14517218508618945,-0.15711329273275426,0.2688442391377908
1985-05-01,0.03094774184991484,0.22399397783501204,0.20878200159698238,0.07566307880440537,-0.053616835857215134,-0.020171727007585214,-0.12179109024571942,-0.15468942691330556
1985-06-01,0.16302992792233176,-0.2097304477248081,0.43937016705997656,-0.18560796671984148,-0.1791813613280006,0.0625177544165165,-0.03927220833731127,0.12843383959046115
1985-07-01,0.009260566540710304,0.0651474132440811,0.4804817379498091,0.1300625503063202,-0.1647766193617945,0.04474295976948231,-0.27248701668000436,0.014946791688325228
1985-08-01,0.22731562671454056,-0.28029798075210216,0.3885700077307029,0.1513025134193654,-0.052269442897775895,0.03175121097964175,-0.11317228713819572,-0.12015530158317199
1985-09-01,0.0764881058231644,-0.534752253876176,0.2799931119699947,0.12109434726286908,-0.08568650354509767,-0.007130142222059535,-0.13940900497071376,0.06680177002972751
1985-10-01,0.13764393718346304,-0.2270161585752354,0.3986544296389721,0.2751911477166779,-0.09278224214263583,0.07058453369647899,-0.2008538391139056,0.01682212308946031
1985-11-01,0.04534179587727007,-0.44050483509551647,0.12901044282756868,0.34151953093859616,-0.15351607099823328,0.20499843971949097,-0.057389967663733804,0.2766308064262072
1985-12-01,-0.1242506844194039,0.10922160432782284,0.23055479663317321,0.39266953054739506,-0.12841467624125272,0.23797005943372743,0.009249593760516192,0.11946681576470533
1986-01-01,0.004443416432679995,-0.020814271167267202,0.13491176679486133,-0.06731829929108522,-0.13614113888014917,0.1372507912047366,-0.026921528131440952,-0.06668767546889959
1986-02-01,0.045659105576898736,0.4868590554525686,0.08285421206325781,0.1303455507268711,-0.2891842761765355,0.2481686994961813,-0.12671025553802112,0.08951786181165111
1986-03-01,0.20573184542033982,0.23463798123736715,0.23864986466579752,-0.1505886261560479,-0.33776028000790137,0.1544153912270323,-0.10459096682769757,-0.10458226746845024
1986-04-01,0.047597066377815994,0.08142639038174651,-0.020904034437214742,-0.07144795084486202,-0.10276404411896414,0.15285670862975698,0.2280927791788771,-0.060852804152226
1986-05-01,0.007825871706818756,-0.6101936101913452,0.16298794844111458,0.25404506191915394,-0.05769054607852645,0.09400237695122442,-0.09130670076554959,-0.07683002838382014
1986-06-01,-0.1411350201005521,-0.6956622351047604,0.08846810850940767,0.523319657968015,0.16870357744071793,-0.025528464598435885,-0.1525825627886497,0.15568902923001182
1986-07-01,0.056166023663852524,-0.2015174648096395,0.19689192537401543,0.31368972695603664,0.12735585965540097,-0.10542897573599579,0.006281339504697301,0.039318438050233655
1986-08-01,0.1439571218646091,-0.46183692161426987,0.213041217600713,0.20822063088417053,-0.030914106932671173,0.023435730592790225,0.06120785198233149,0.23909762363742898
1986-09-01,-0.029833995453689408,0.05733970725952193,0.17850478408766576,0.640514188883256,0.026013803384874176,0.06788239293361863,-0.33518680715346116,0.16936243132308676
1986-10-01,0.09763462711935457,-0.11143006037834079,0.15925313117074186,0.2748986287992828,0.08217560370331224,0.04036753101551786,-0.16474927867855035,0.09036073116240677
1986-11-01,0.08800597456486328,-0.11197658645552258,0.20470759663425508,0.07986933449093177,-0.15715807676315308,0.14903403237356364,-0.13635618998123716,0.019793322146007857
1986-12-01,-0.030459823977688084,0.3691020400025124,0.33812737855754915,0.11304464875435342,-0.19479350227376688,0.1835767206148053,0.0049359962209924915,-0.16923932427609406
1987-01-01,-0.04497327558372331,0.2807725134283997,0.16236890290604264,0.24502458316939218,-0.19480040215927621,0.14313708541663828,-0.11766008227258114,0.016142724564781896
1987-02-01,-0.0501989994360053,-0.025171546135530916,-0.018828253826645554,-0.15833177128616643,-0.015981817294074142,0.053450257801417767,0.2424318108472738,0.13072463787264293
1987-03-01,0.043120174466267876,0.09963547940864119,0.07192248814418668,-0.17458627722701248,-0.1616377221501392,0.16444005759049815,0.06915358407003384,-0.055410685362639246
1987-04-01,-0.038782357359709946,0.32207217327384063,0.4529803502755087,-0.1053868431826027,-0.3487701973189478,0.21025265784973796,-0.09080550490735886,0.014706618256039089
1987-05-01,-0.10414528458014778,-0.18494754683139714,0.10206523488779537,0.22276285655644476,0.054115470012892845,0.09052260309880507,0.030364995604162816,-0.059568387007823694
1987-06-01,0.03461122674786526,-0.397413969039917,0.29577901128862727,0.1378670334815979,-0.13520068934430246,0.03445364059285915,-0.1370700713884723,0.17234946566599385
1987-07-01,0.11337778490522633,-0.09288698608099029,0.2701597135575091,0.05850446391470578,-0.18206915777662525,0.11447570996742089,0.005714536415358485,0.1429384919228377
1987-08-01,0.12640028220155963,0.024044470385063528,0.29644519090652466,0.3163310033934457,-0.09981124135463133,0.006153402810401105,-0.17664337211901002,-0.2626274746877176
1987-09-01,0.04106171672110972,-0.3990073190178982,0.14511169713051594,0.12296080893399765,0.028524464806136875,-0.0630503850625762,-0.09740561850973077,0.08628627423335004
1987-10-01,0.000878959342472903,-0.005601116910923359,0.40687369030030046,0.24826388273920333,-0.1086409973061603,0.1266662639083592,-0.2751373895653733,0.13885995097182413
1987-11-01,0.041642372051010956,-0.0798886425273363,0.30524303190043717,0.6210369723183768,-0.04438216514561487,0.09497300001746374,-0.43773045679470435,-0.04140397499280947
1987-12-01,-5.7391108661566087e-05,-0.23637467692064684,0.22456394355805195,0.2683492947597893,-0.12133874646995378,0.11577595897177433,-0.041336202071056705,-0.16713949541250864
1988-01-01,-0.04063347030593001,0.17584607351657958,0.21753443069145328,0.14230811170169286,-0.26975920342880744,0.21316866185648223,-0.16339772993379884,-0.07474241364333364
1988-02-01,0.04220211716449779,-0.1745663583278656,-0.03938910963593936,-0.13703708441890017,-0.030284943868932514,0.13407822830457214,0.12913157844597153,-0.08172765546650798
1988-03-01,-0.04354453362200571,-0.3762713351915049,0.018697903781640726,0.13804996804315217,-0.10521766608176024,0.10042698617945327,0.03745582726624635,-0.07577850310890763
1988-04-01,0.03336944779300171,-0.2020457802816879,0.33666689376362036,0.20088571674969732,-0.21937991613927094,0.06396471925661074,-0.005079997359431004,0.04058685153722763
1988-05-01,0.046714889290540115,-0.6280876869379088,0.2774044871330261,0.49725670595558324,-0.01743863660680211,-0.04778547841619621,-0.343690195062139,-0.07263204703728357
1988-06-01,0.07648571677829907,-0.5681287064108738,0.19679234408941426,-0.17378993180333352,-0.10750838757857031,0.005077170406250244,-0.2387208578822849,0.12950865137908193
1988-07-01,0.1217976455455241,-0.25096464642258576,0.3907741826088702,0.05278095831068195,-0.07107338827589284,-0.03712620744679837,-0.2524332420246021,-0.08942339465849929
1988-08-01,-0.017597769265589504,-0.5410400933997576,0.1817046374571128,0.09378108138940773,0.024645986116450764,0.05832698909526176,-0.1672585184375445,-0.02586228979958428
1988-09-01,0.1341747039038202,-0.36858930144199104,0.16664068718425565,-0.11764494892285794,0.0026257971868566842,-0.021855698911644888,-0.005526558772937671,0.11298235126391605
1988-10-01,0.11279438824757285,0.23939363485158877,0.2405823009913085,0.21453291481854964,-0.11235264980274698,0.020518473593901236,-0.31786661024566165,-0.03376028293536769
1988-11-01,-0.0835491911224697,0.12311105464780053,0.22807465713532246,0.5950683233689289,-0.08635698291270628,0.2627466270264159,-0.21304841581228615,-0.06580897261974988
1988-12-01,-0.09095603195221527,0.2337895853574886,0.06821146387545789,0.29794628522834,-0.019920742868081383,0.18642452274653928,-0.16223418249471766,-0.08682490636905034
1989-01-01,-5.124536034165193e-05,-0.18621991540110389,0.10307040370878626,0.07612330420893065,-0.15908975316130597,0.11254788396206308,-0.08009786776325724,0.10046253877657431
1989-02-01,-0.061310657664485596,0.16994433001030324,0.2395539743001344,-0.3030634656244395,-0.280445652163547,0.298077792774701,0.06456973853411975,0.25686535087448575
1989-03-01,0.104791436182416,-0.09610992531443752,-0.024101385449776885,-0.1428203923361642,-0.08418619956659233,0.016846918626457243,0.12238048612735829,-0.0764018993962694
1989-04-01,-0.03907050451506739,-0.2516119459340739,0.26108730034750016,0.14736228147331548,-0.13760836875956992,0.13914244606139814,0.08306752991031956,-0.025620016148658813
1989-05-01,0.023683460186357082,-0.06391264411599137,0.49729166460818935,-0.0978759508960101,-0.14110393822193146,0.11044877799267465,0.016347969974483453,-0.135539258243861
1989-06-01,-0.05619922328902327,-0.5133068838784861,0.4723245491746996,0.4386644278253828,-0.02845123855640059,0.0895976280489712,-0.2385719201049289,-0.06509922375833546
1989-07-01,0.10314348113277684,-0.1161255895398384,0.6488797117452153,0.39753430351919056,-0.06167884187205978,-0.02056133821078226,-0.16199716006044868,-0.01921667717397213
1989-08-01,0.26482769652553223,-0.14641827275586683,0.45042614467808456,0.030626234959582894,-0.04485124803107718,-0.09120129682916277,0.029857745310207743,-0.16337366153796512
1989-09-01,0.021148456827453945,-0.11413313101890475,0.2978620959109947,0.3648909379024895,-0.11477177233799643,0.03183360099264071,-0.2604263859826165,0.19549973895428355
1989-10-01,0.17168092662873474,-0.052594818001569704,0.35852992632349984,0.44541693463617443,-0.09362193067436632,0.06443273064726633,-0.3705936374965014,0.011114327719918004
1989-11-01,0.05904439755755922,-0.14098974507908488,0.1535198727592093,0.007653245892451734,-0.13083694097788437,0.1628939300141436,0.027931848255632157,-0.08987204389456935
1989-12-01,0.12429965578991434,-0.11898046142833178,0.22661617544830823,0.09733513757890584,-0.2659105250368947,0.07662093332895996,-0.06082309158267201,0.13206395130880452
1990-01-01,0.12542423184799112,0.14796752569287322,0.04112780033076396,0.0019349675739602167,-0.1736205395149148,0.1715944749666444,-0.07086833666271722,0.11547552249221889
1990-02-01,0.029833817287631657,-0.2739835443884827,-0.048208193945103006,0.1105100904800454,-0.13342762122983517,0.09509901522744632,-0.0512926267703307,0.33280429326825667
1990-03-01,0.040524809256843895,-0.02660134070834448,0.19547745096878927,-0.12452935381811492,-0.20059314758881278,0.19623388846715292,0.020406643444722566,0.12708983418566208
1990-04-01,0.09582380399755809,-0.10695376021917477,0.2522916823137002,-0.11187867090410115,-0.2216866320889929,0.11052879775669558,-0.003961352883158503,0.16220819498239844
1990-05-01,0.05972563977474751,-0.22477677395177442,0.3242297983560406,-0.11632307147493168,-0.036327115705479744,-0.004195482701274521,-0.09512973714384945,-0.13518520173858162
1990-06-01,-0.01753868089745874,-0.29381371514741766,0.41865618502507446,0.4728033834574174,-0.014091411645969618,-0.005793370676378832,-0.13421830628906284,-0.2731681421951011
1990-07-01,0.18411803504695062,0.1510382218416347,0.44245675939028384,0.0722219065135839,-0.014556223607581594,-0.09572635807678209,-0.14441288537807292,-0.07867971262722104
1990-08-01,0.051691245449625924,0.10060880246550538,0.6272824084172484,0.627191212712502,-0.08967401378828546,0.049507834598527735,-0.23607273359556455,-0.0414941009323768
1990-09-01,-0.06629440771496814,-0.1029549989589425,0.37011829067449104,0.25592099647132716,-0.14745463495669156,0.1396099330051571,-0.2858170249440648,0.09343631703544546
1990-10-01,-0.036891335216553314,-0.20967124159946,0.2629927435859305,0.4699607588806931,-0.05979648102884707,0.054415167434841184,-0.2799742058053747,0.16068447795179155
1990-11-01,-0.08171422649984773,-0.24790749993435174,0.26753080672905094,0.3849923914792586,-0.19656043985615604,0.21039440910866922,-0.24264652852539542,0.18026579723314
1990-12-01,0.07347539877114088,0.025554958644301393,0.15063999129123376,0.16951512317268216,-0.14803555348645087,0.16109233206891,0.0034673273697629703,-0.08072659925178245
1991-01-01,0.05049825362537218,-0.024837638836267384,0.114872331013445,0.2210023755929908,-0.2110859946064327,0.18935427598073973,0.17256129969347703,-0.12469637656101473
1991-02-01,0.03770052495857944,0.14382850292117097,-0.00749058548177852,-0.09595767727919988,-0.2803747096787328,0.15040348079187651,0.2243982510523753,0.20988318903147482
1991-03-01,-0.013851822839806908,0.5487288846526035,0.11485756420698323,0.19801405011391154,-0.09178517629270967,0.1829432785933745,-0.031516726992957225,-0.3413959854730853
1991-04-01,0.18814721185228098,-0.14907745427863542,-0.02363869676091632,0.17193198508145857,-0.15117548730062402,0.14857943599105727,-0.06303421079038499,-0.03415671925284658
1991-05-01,0.018171208870151768,-0.025113425109275552,0.2697420169095524,-0.14076768135537907,-0.23437882571116736,0.16469321352370242,-0.09883105217873513,-0.06358906695688211
1991-06-01,0.13607341958128888,-0.08700361778569776,0.3698006272315979,-0.03943423531493362,-0.09494623898164085,-0.017593653066783933,-0.2746385631260571,0.24656765507879078
1991-07-01,0.13416845189488452,-0.39459310991819513,0.37255795275578735,0.07640767310346876,-0.08380633333454961,-0.004582055547135941,-0.1819824917359395,0.10437733252291326
1991-08-01,-0.009117892983814943,0.3186914116837258,0.31988938323787003,0.3742287353593476,-0.05528722768244536,0.11558535918329202,-0.08638627650971348,-0.0726397528692528
1991-09-01,0.07788632065057755,-0.3240734338760376,0.2619783165024929,0.21164268255233765,0.03312388839929,0.031742863092862124,-0.16274598536190685,0.12581803732448152
1991-10-01,0.05254966976202052,-0.2205450174420379,0.1898455693096411,0.29581538876708674,-0.20192612124525983,0.0848383508979323,-0.1261066578261487,0.290765392559546
1991-11-01,0.11698020541149637,-0.2963218578072481,0.17536113985249255,0.414119295927943,-0.007873447105774412,0.03582110763890735,-0.22899439675850908,-0.0022185655931631723
1991-12-01,-0.20589847927508145,-0.392338564229566,0.21782800799510518,0.3508186461974164,-0.11161026423392088,0.22218607313244057,0.013929793426582404,0.3087833523750305
1992-01-01,0.08043318824923557,0.07171623495429061,-0.020518772242987742,0.0567942667676478,-0.09085909341988356,0.16196411340794667,-0.04743097501026617,-0.30871132319724115
1992-02-01,0.20882897078990936,-0.2646988214448441,0.08530599660560734,-0.25005646202029014,-0.23526256175144858,0.18518900511958075,-0.11300038177150863,0.31273119944941113
1992-03-01,0.11048301568497781,-0.2622378773467485,0.008983832982475641,-0.12691877782344818,-0.15711031206276105,0.13386211391036393,-0.19121579448314935,0.2131534912795932
1992-04-01,0.07169667793356854,-0.24281076567117557,0.18798973960954635,0.18877441785773452,-0.14428148127120474,0.06381865088821304,-0.296238776262816,0.053763493067688406
1992-05-01,0.020239293656271435,-0.28173699975013733,0.2799560300639418,0.32009792571165124,-0.0819330792064252,0.03572086678117725,-0.1356591546052211,-0.16203407474138118
1992-06-01,0.06821216286524483,-0.2526703962059908,0.5754725366342264,0.16618808921502562,-0.1923766958972682,0.026759604348781264,-0.21322789090173735,-0.12258092001839367
1992-07-01,0.10127415475638016,-0.19343606261319893,0.2274836673111212,-0.28491111434235866,-0.035100936403741005,0.030023773722614805,-0.06940357873702908,-0.0037032972883295125
1992-08-01,0.0704687088727951,-0.2861374339392019,0.3133038761185818,0.5622773146142765,0.07564251351615657,-0.05795165024539258,-0.14570087932788572,0.204192571066044
1992-09-01,0.030834116446583165,-0.2929992107457893,0.43553030881725374,0.812612382733092,0.10402818088946135,0.053239080077367475,-0.4396648423091785,-0.09692739005442018
1992-10-01,-0.033362392012191856,-0.30204958693925726,0.3204387230951278,0.35473768200193134,-0.048263290006181465,0.0335397555473003,-0.1941254815539798,-0.05912580053080563
1992-11-01,-0.06326624070820601,0.2388715224210606,0.34095368912962615,0.39487554102527855,-0.03577017670740252,0.16343248545700778,-0.1580225454794394,-0.2875509568386608
1992-12-01,0.09001925101746683,-0.3857542955598166,0.39917934136312516,0.0771448624377348,-0.1802016373561776,0.1794781245238392,0.026990902853441665,-0.16734202012971594
1993-01-01,-0.0766683693813241,-0.3920052633729092,0.09745140178281753,0.14106564375818992,-0.2065920635409977,0.14399296425758526,0.0784574475072257,0.21016228150714325
1993-02-01,-0.0002858576645730468,0.12788733597411667,0.07740960257952331,-0.16921723679620393,-0.14191297409327133,0.17760440918570716,0.0753148182018383,0.35767615945250897
1993-03-01,0.06618871879966362,-0.31529831331829694,0.22005341092094047,0.12620882112152723,-0.11362132980771686,0.12500845160044677,-0.15749811857670276,0.19544515655272535
1993-04-01,0.16918917712957962,0.04950998307660569,0.17034644719030037,-0.19973895075369855,-0.3008927664031153,0.09970314642216298,-0.07311959230752141,0.18404271384632145
1993-05-01,-0.03284408670404683,0.0033314060961264513,0.35176296703151017,0.12499750876913265,-0.0928068533539772,0.041969045204051,-0.2552227595367947,-0.27610060793382146
1993-06-01,-0.05050401567764904,-0.37289008844730465,0.18760495987094816,0.3010201210878333,0.06034439024717911,-0.011396040836124556,-0.13097895661721357,0.03477296343556156
1993-07-01,0.24201502294644064,-0.1144505257523337,0.41284893379836785,-0.25280224425452097,-0.06844107385562813,-0.06106926957211385,-0.007200210883810713,-0.04593396421383928
1993-08-01,0.10303511567737744,-0.1966475227544474,0.14615871134351513,0.2979592097048857,-0.05682413668736167,0.005271063509879383,-0.12313680270233669,0.2026065183734452
1993-09-01,0.07331295991721361,-0.38078188203101937,0.274902802021777,0.04224543060575213,-0.03792375488125759,0.02629452299141715,-0.12586294497187073,0.11139708329681997
1993-10-01,0.13525326452825379,-0.034820814725271494,0.12079473645960699,0.18442780995855526,-0.029001026616796204,0.05706271803970878,-0.10218806900419629,0.04632661326064003
1993-11-01,-0.031701807418595185,-0.1203170089527618,0.12706963986646935,0.45185806799908074,-0.06784741240351096,0.13524418075879416,-0.29472091176488374,0.1973186585086363
1993-12-01,0.06688470020890236,-0.12218590912430785,0.26645506503152067,0.23569644105677703,-0.13031104336614194,0.08664038164395813,0.06984790015193793,-0.06875292725723098
1994-01-01,-0.08622852518506671,0.6078905144403147,0.18085837364196777,-0.02922873411859785,-0.10571781059970026,0.16738599073802327,0.049524789525044924,-0.11669078979779172
1994-02-01,-0.002225691898037558,0.2270563050758007,0.2933924559687005,0.12161481593336378,-0.21503909450510272,0.1233594835544309,-0.2602101580516712,0.23689791991340892
1994-03-01,0.022413937941841457,-0.3577571622160978,0.09509000133295528,-0.21744759715333278,-0.13376078365937522,0.1381785047392473,-0.0865971753457645,0.2473974600434303
1994-04-01,-0.06139073520898819,-0.1258016845514608,0.039407714712815206,0.0906879120335287,-0.17027989353822626,0.20829521066753579,-0.009213334268277829,0.20753920630172445
1994-05-01,0.06547117524820825,0.03805042699325917,0.030422735898221125,-0.0023589512257247555,-0.15627414635989975,0.15558345732113996,0.0011208895090463998,0.26675544127270023
1994-06-01,0.0997900638891303,-0.5533892054890478,0.40539845091397647,0.09409256887679197,-0.08024853532728941,-0.05716746805090431,-0.1918092638522655,0.10999641898605558
1994-07-01,0.07417457097250482,-0.1658603375734285,0.44596805924274885,0.0843129063747367,-0.11281881319439929,0.013132048902887826,-0.11370682770067506,0.06736678209293771
1994-08-01,0.06645529571434726,-0.06845313189334648,0.37260905641024233,0.08529246765740064,-0.1956753918658132,0.09785584761952679,-0.11127640803654988,-0.19182878787870758
1994-09-01,0.005881443781697231,-0.3378465078597845,-0.03248044579732613,0.29098817280360634,0.04543226779155109,0.08362849632687602,-0.061036682024866604,0.23728936082786983
1994-10-01,0.02800302539506684,0.005046371912020583,0.22844962897847912,0.13747197024676264,-0.11286480433267096,0.12184393902619681,-0.0847395006063822,0.03854166285169345
1994-11-01,0.06142938509583473,-0.17176889056383177,0.14503612870075663,0.3504293913743934,0.010304340242367723,0.06775423382402312,0.0036390850672850736,-0.07678243693792157
1994-12-01,0.07530364977276843,-0.18477315126463426,-0.008646974370616381,0.014550988657438025,-0.1380156239737635,0.09588738705249543,0.10108159401932278,0.14408327880556937
1995-01-01,0.03406535429151162,-0.3502319371977518,0.019579467775880315,0.11250190436840057,-0.19281216613624405,0.2066561410613094,-0.01258547711479771,0.1615933556523588
1995-02-01,-0.1026534677847572,-0.08881642201612162,0.21602626218170418,0.13407044568840337,-0.07074224236218825,0.1473702754534728,-0.2455921256327414,0.14836614675543924
1995-03-01,-0.20285396148329196,-0.16822069883346558,0.060279239885142596,0.23522656791064203,0.022464644406800682,0.14656823366246327,-0.0014341729986775027,0.10016527268345708
1995-04-01,0.034929386785496834,0.5770722100901049,0.3671931683040056,0.11955806795431644,-0.06437047749109889,0.08371960081107228,-0.09871709605192278,-0.40491859394091145
1995-05-01,0.11392379908458046,-0.12948336296303328,0.15642751680045833,-0.009531255013176374,-0.07851959570594455,-0.016702903791310942,0.016096006944641337,-0.08903617660204569
1995-06-01,-0.04391489631455878,-0.22946173368498338,0.2593731782475456,0.30379763671330046,-0.006087520665934552,0.0032279189636415626,-0.219318935194531,0.016591934211276194
1995-07-01,0.17560169748637985,-0.05206382985031882,0.5551925448120617,0.2677408408145515,-0.08243929756724316,-0.03293106028585569,-0.18688316146532694,-0.17503138493608544
1995-08-01,0.15702192550120145,-0.2503433546354604,0.17904289921776192,-0.02827789368374007,-0.17158112124256464,0.00949392374068274,-0.2991337765444506,0.31665091023400976
1995-09-01,0.042596953394620315,-0.046564157792302066,0.49253111002875155,0.3877029431109526,-0.11104689506085022,0.02689204981273159,-0.3113698314976048,0.05237302501444463
1995-10-01,0.10894772637149562,0.12404062720232231,0.40317248614107976,0.05162482967182082,-0.10547110729891321,-0.016488397744953212,-0.15017924712853387,-0.25162689939693167
1995-11-01,0.0638291604169037,-0.2586081970569699,0.18724422962939152,0.3891362219440694,-0.041757661687291184,0.07374918894142124,-0.2476538489530752,0.05986991907573408
1995-12-01,-0.2207209396621455,0.14925741179044857,0.10997278035664168,0.13378131754544317,-0.02988202335393947,0.24108810627714117,0.04503616626869451,0.1012159028538951
1996-01-01,0.010500137653687725,0.08389159690502078,0.18312905411251257,0.06124166657730025,-0.20162738535715186,0.17247194199697347,0.04013310950081627,-0.02146274782717228
1996-02-01,0.12245248679233633,-0.47442337801290113,-0.034715684100252685,-0.16487325940813338,-0.0385296247575594,0.001308772422320454,-0.05948313318931304,0.006923631385520652
1996-03-01,0.015830216200455376,0.16839093593663948,0.1841669322037306,0.11233890391125971,-0.19335554021856058,0.15755711612126508,0.08270716009376285,-0.05141570646729734
1996-04-01,0.0648874425045822,-0.06397585709427678,0.2905721547173672,0.03570931374418492,-0.1468938006007153,0.12150344088779275,-0.012269349315681972,0.2555995343115043
1996-05-01,0.2131488660107488,-0.28074305764464447,0.044134060745356515,-0.23833986143676603,-0.1805644320405048,0.07795794530117765,0.0005474297313002852,0.21796256165813516
1996-06-01,0.0735648786244185,-0.2981986417326816,0.42805305269897964,0.2510485752504699,-0.09348414352406625,-0.04661883498337252,-0.2992351984118556,0.07629159975934911
1996-07-01,0.21438088430010754,-0.15497801955356155,0.4827226283120327,0.06302229071758231,-0.1652057242134343,0.005494642025190043,-0.24393974123774345,0.14573214575648308
1996-08-01,0.020974678108873573,-0.03673546016216278,0.3147830728624688,0.3160526861949843,0.0021257685780849147,-0.05360510305944064,-0.24996646889695173,0.11371609202965541
1996-09-01,0.18278826837954312,0.257687998372455,0.22627066393367581,-0.06520210632256099,-0.04186580848434697,0.07685361271525952,-0.09214624527606878,-0.21462653660111955
1996-10-01,0.07851412924735442,0.18003472062044365,0.2738804357950805,0.1181657901223825,-0.09346898321224295,0.11409326648035795,-0.4179829681241834,0.0032365201386036694
1996-11-01,0.1562189148819965,-0.17658489388088847,0.02050963001417332,0.17901692463427174,0.008327422825538593,0.04679256264146761,-0.0866324196124936,0.10161411353490418
1996-12-01,-0.015395146835109461,0.14098178335400516,0.0187187241848375,0.22066078928052163,-0.09913180509339208,0.14567686944988603,-0.06374016337029569,-0.001084300930853243
1997-01-01,0.08952743171349815,-0.04631403053915778,0.038783279720877036,-0.24902355306002558,-0.126244710839313,0.06640761337698775,-0.0016472344328691292,-0.0007491989958065527
1997-02-01,0.17939716901468195,0.21057792527731076,0.21021688570741748,-0.25439490469134585,-0.23740355087363202,0.15649771225367878,-0.19334339209505028,0.04572657247384389
1997-03-01,-0.003977671123879111,0.03562484932846801,0.07938379269154346,0.22697868395824822,-0.1103903693349465,0.1952652601485557,-0.014807726885821366,-0.07565677752373394
1997-04-01,0.062075301842845,0.018540691844252652,0.07491859256244096,0.10104557993460675,-0.14317741860514102,-0.014018407246305984,-0.09139881611944319,0.04027277162229573
1997-05-01,0.08129353594520818,-0.19084579029748605,0.20952112362033032,0.2028962179106109,-0.10424163192510605,0.03796736742799164,-0.17887998271632838,-0.03914256338719968
1997-06-01,0.2175598850716715,-0.340923597646314,0.3817015251175302,-0.21330279355146448,-0.18813783383887747,-0.10014912840111036,-0.16485055119873165,0.0009609938219741538
1997-07-01,0.09635825358007265,-0.5954689064691233,0.22006767695067359,0.2922861551751896,-0.018855915202394775,-0.047006016821726,-0.08972144543050645,0.12760654919677308
1997-08-01,0.06186248248685961,-0.18163572910220124,0.11431083815996765,0.3169708410087897,0.02697966385470784,-0.028107434194138713,-0.0289110575911698,-0.12279229790524199
1997-09-01,0.06870121249686116,-0.628835586614387,0.1207160412288103,0.4152007553042198,0.019329278122471726,0.002093734682029021,-0.2681307024783916,0.29978438246029393
1997-10-01,0.0319073563846557,-0.24278709708258164,-0.07290525636712059,0.23746072333686205,-0.04087486101881317,0.12846578520240515,-0.09360932870893864,0.13867098907077752
1997-11-01,-0.15128173905870188,-0.34144499967264574,-0.09100984354488185,0.4790811818473193,-0.024366477990280026,0.06931757171314659,-0.06704397902295396,0.29263422582988385
1997-12-01,-0.04493885309151981,0.14280611865742263,0.001991365188885419,-0.20163434804702293,-0.09267337458289188,0.16594718851096243,0.13136680128875078,-0.09632897735745818
1998-01-01,0.08738240146118662,0.09220333466696184,0.1311854871570087,-0.1577737532099899,-0.19852750651214432,0.11333677362888418,0.019031372089106754,0.013718029691113366
1998-02-01,-0.1101806597865146,0.2787811984849531,-0.015367862203570663,-0.04673635929214711,-0.1423858106136322,0.12195580870124466,0.085503531636687,0.12486910930386295
1998-03-01,0.0900101240562356,0.16318689598593603,-0.011607560283336484,-0.13395284815710418,-0.06084316207662872,0.11156790011318019,-0.2721279087635848,-0.1387221083320953
1998-04-01,-0.026662121324435524,0.23918125865071319,0.3947808361444317,0.18575253839395484,-0.15189301060593646,0.15251624714979467,-0.19926400939086533,-0.11477521793157966
1998-05-01,0.07665719351042871,-0.11832078182420065,0.36848277830686726,-0.20718927286109146,-0.24349054564600403,0.07445266113636342,-0.20474024318359993,0.1286274856991238
1998-06-01,-0.05022047654442165,-0.35791130259979603,0.4116394480720895,0.4383648232537873,-0.07977738328602002,0.054225713965740614,-0.20369221162688622,0.04812255329279987
1998-07-01,0.18703310709932575,-0.12081312232239302,0.4700491662885322,0.2588644015545748,-0.0010331027822204583,-0.0715772456205483,-0.28217508046476686,-0.17577780203686819
1998-08-01,0.07196856743615607,-0.4034065229948177,0.36170052700355404,0.030776869733722845,-0.170789140722026,0.029678095184953502,-0.26817998370608764,0.062065638808740504
1998-09-01,0.015834877874864185,-0.24356500700462697,0.36312593299834456,0.36213267214444217,-0.03562554636079332,-0.013129196479810892,-0.41112736001745,0.026478212007700844
1998-10-01,0.06222453211312708,0.16332008810930473,0.4745855194623353,0.3856672012076086,-0.05915848052372103,0.09921602640591615,-0.3014630428305617,-0.08420249041928737
1998-11-01,0.07772958311049834,-0.24098908138829608,0.3017533020895036,0.24479677786632462,-0.20665625191253165,0.14328859904979138,-0.11138339854172757,-0.007338128570053312
1998-12-01,-0.09865434435398682,0.1714263371256895,0.33911571639483096,0.058963115574145804,-0.16108043491840363,0.20040932065206218,-0.08208890453920707,0.07479298445913526
1999-01-01,0.012542978536499582,0.03752422107513561,0.1808255422310751,0.1428331951705777,-0.24349968070569245,0.20831644218018716,-0.02555287031977026,0.09217961277398798
1999-02-01,0.003297413628467399,-0.1458151222661484,0.11517775596165267,0.20294349108423507,-0.04709810423462287,0.09047336717869374,-0.04999150127709449,-0.056954511092044406
1999-03-01,-0.030438533133786656,0.0838631460832995,0.1527321265369165,0.2756807268882284,-0.12386191798293071,0.24031962380341607,-0.1685492274863226,0.040964806383406674
1999-04-01,-0.022307380467005398,-0.48708676598792855,0.23087050582541793,0.07169269481483771,-0.038345482038414994,0.13531838272902982,-0.003574570422773962,0.11150529953064742
1999-05-01,-0.05062690166675526,0.4937467186949974,0.5742418472884131,-0.007476783072461887,-0.18247848619585452,0.18719708454524372,-0.32238860925038654,-0.13338049908203106
1999-06-01,0.08845300130222154,-0.4673511829487113,0.20938989568929203,-0.024716346999820397,-0.11474567910899286,0.022919251458019232,-0.028030574321746823,0.261724264257484
1999-07-01,0.2641061563854632,-0.3842004509859307,0.2519583848656201,-0.1863484936101096,-0.04761491537741992,-0.10816409972542568,-0.14337944957587095,0.11102575463829216
1999-08-01,0.15706904232501984,-0.4216770446577738,0.4154704144743622,-0.09720050254646613,-0.16839569029600723,-0.04208040744039818,-0.23752434162406233,0.17965756770637298
1999-09-01,0.05884460861916127,-0.3513505639031876,0.482692825989645,0.3001737655425558,-0.20503455206103946,-0.0016941972975189805,-0.33509528583234494,0.18812489902807605
1999-10-01,0.04465743170484252,-0.25321369947389116,0.0059616435166509425,0.47720853163271537,-0.00847038893919924,0.03731151025557349,-0.17241614426041507,0.21265748612306734
1999-11-01,0.1552741974592209,-0.2160917707653933,0.0758548984762098,0.11202767491340637,0.005790116467877574,0.08154374329333611,-0.026951783529675755,-0.2828797967932014
1999-12-01,-0.07660276377978532,-0.3004261227541192,0.05660128520160425,0.3731012040255021,-0.023189411782052204,0.17830086938032869,-0.08500266593654413,-0.042315320698199446
2000-01-01,-0.06289872057411981,-0.07149917181841163,0.07977425197108848,0.323680012809987,-0.07551843705384627,0.06227151768163164,-0.27995496182828333,0.04333077188305281
2000-02-01,0.046252511927615036,0.13541537661885106,0.3457326136651586,0.07317087480000087,-0.17190188493417657,0.009040811251029901,-0.1212056063384086,-0.0007468275725841522
2000-03-01,0.07268583968929622,0.10287905501764874,0.27404302944902514,0.28771904050087443,-0.08583621972281,0.031674130496086805,-0.21623275032988537,-0.069718721702143
2000-04-01,0.10583831564239833,-0.24726882923481078,0.16799512945237707,0.2177844090121133,-0.06981192399626193,0.022294863741448585,-0.07324885086131257,0.030660850030404547
2000-05-01,0.01968071674523146,-0.00012911685950902485,0.1337158875387223,0.0047289538292252286,0.008523880261117996,0.03705009659554096,-0.03138069768209715,-0.098554869354875
2000-06-01,0.17929556577101996,-0.16808944732643838,0.30367176552287867,-0.22819072616343597,-0.09734708329905634,-0.01395401141956343,-0.11173801544869133,0.16148183149872003
2000-07-01,0.1914783988309943,-0.24717616480450297,0.35694700772645044,0.2437814613994287,-0.11918230549148891,0.0366677906601987,-0.175963778485049,0.11389987129304144
2000-08-01,0.0828779343029727,-0.426373959973801,0.2231581777822776,0.03143876638947701,0.0051213129747497,0.08782625251205256,0.046467901887120425,0.1325693792077126
2000-09-01,0.10987523457278375,-0.05693961541320002,0.11284002026573557,0.1993500000360061,0.008272207038396078,-0.027016920189485483,-0.2011665956931071,-0.0902414373639557
2000-10-01,0.11043097499919974,-0.11079078323619311,0.14263811658640377,0.24316975352715473,-0.08153957517250725,0.1521227630317634,-0.19286327936627842,0.1999655359045223
2000-11-01,0.13425785076359043,-0.739971634953521,0.1123859989838522,-0.019758333433039333,-0.01097394295198762,0.01170980803509976,-0.1513077533459878,0.2717781536005161
2000-12-01,-0.04090763547498247,-0.09006156131278636,0.17003386479909302,0.023511882719336723,-0.1595053011956422,0.22490552976621805,0.16341644867851926,-0.07794981270476624
2001-01-01,0.06981924500154411,0.2517480489819549,0.26656533362435514,-0.2106767679963793,-0.30494798784670624,0.12511564088417285,-0.24439052821279644,0.2656296499211479
2001-02-01,-0.04286210903007051,0.15804483446964,0.21412455644763884,0.197820000502528,-0.10732555680948755,0.004372529104246316,-0.06448622323102779,0.0753976076979328
2001-03-01,0.035949116167814835,0.01964009865078815,0.09808409653726172,-0.00015368350432254374,-0.05788393318653107,0.027760099751729495,0.22343738457641085,-0.02701342088618764
2001-04-01,0.025983397727427273,0.08199769397114598,0.25712999164081013,-0.11734773157810678,-0.09525708206321881,0.09158849451981538,-0.05505280904807486,0.10383763281559502
2001-05-01,0.025252485647797585,-0.5051354336184125,0.20241789886208833,0.30253712011843314,-0.11742491599010384,0.11932077612859984,-0.06216307850302876,0.11080389290496154
2001-06-01,0.11822415272826733,-0.3913291318472042,0.0627552937777316,-0.23018828764253735,0.06642422193418378,-0.11446634241452454,-0.13353404429581786,0.18053782275981373
2001-07-01,0.05542498243891674,-0.6986053184021351,0.21979723308907181,0.02594646446558894,-0.013485810031061586,-0.002813180911656905,-0.050297899691908204,0.2721069863548985
2001-08-01,0.19211391715899756,0.16366482474083124,0.2105884131838064,0.26504750154456314,-0.056930315559325005,0.02211065672285168,-0.08150770555476884,-0.1404866817648764
2001-09-01,0.08216483275527539,0.042959627543770994,0.31338974100644473,0.5691832425642986,-0.07440958819959474,-0.0653511534134547,-0.3042847589329556,0.07800714768193386
2001-10-01,0.02295550404359465,-0.0401908271881037,0.22115104022573254,0.5925590894660171,0.11005189431750255,0.031240351154660503,-0.1579180561207436,-0.08803330603297109
2001-11-01,0.043886693437462265,-0.1866988491180331,0.22320341868478744,0.44069615553836433,0.011829797016537707,0.09026188801326757,-0.165607968160698,-0.21556484064570178
2001-12-01,0.012788399244132248,0.18386889335721038,0.12292414903640747,0.176378674044901,0.0359609844567983,0.09206975446947924,0.020807608962059018,-0.25202582969709675
2002-01-01,0.05571196341644163,0.23311010973398075,0.1330280523808276,0.3054579605861586,-0.19915188136308087,0.1868893306517432,-0.12045214372175232,0.0202069541922322
2002-02-01,-0.015805775056714596,0.05685463547706604,0.17779416969565096,-0.04761260078877819,-0.004432739629207746,0.1389500678431058,-0.1450225526282379,-0.17279594443001162
2002-03-01,0.03521219705757887,-0.21964412095934846,0.24728154549833203,-0.1983971924197917,-0.14778254148752792,0.12658613053619439,-0.009881425229413014,0.11078347710685597
2002-04-01,0.01933768027178619,-0.4085183490154355,0.11665492517049196,0.027055703863805656,-0.17453304127506586,0.11495578743464559,-0.09614365460636379,0.2924472990411299
2002-05-01,0.13854913413524628,-0.5741436121075653,0.31936627919556665,-0.1408229981149946,-0.25830887581991113,0.021185798913980206,-0.19945427104159516,0.2337901335623529
2002-06-01,0.09968404698631038,0.04945793730574985,0.28637442432466104,0.0023256174801867834,-0.07906102615854015,-0.045823531080010936,-0.20851637866045974,-0.041193470220874856
2002-07-01,0.12936391260312952,0.08391601055167443,0.3559954586576243,0.09498444899004332,-0.15214974789515784,0.0005692124683806237,-0.2863514866377856,0.15108976168213067
2002-08-01,0.27869871777036914,-0.22248537387958794,0.4949163706576238,-0.16154110127565813,-0.15987232327461243,-0.04718115038060128,-0.11567442828940377,0.15199017986931182
2002-09-01,0.03370036897451981,0.019842329933199773,0.12151493889386537,0.38050400967500647,0.06497270711090253,0.03513689714331999,-0.2321133809583681,0.07430999647584502
2002-10-01,0.09250607665466225,-0.07270646476468375,0.3434026827577685,-0.0651768047590645,-0.1371760731158049,0.12144426029201941,-0.13406016268171705,0.1596488920902764
2002-11-01,0.07962808012962341,0.020125610104133915,0.29653303447316903,0.31162685885721325,-0.1994644980067792,0.07112206666604848,-0.2398299271458978,-0.02181178165806664
2002-12-01,-0.10276769652314807,-0.15267374557118082,0.18018259376776025,0.07975752256354507,-0.09498233380525008,0.15862683983559306,-0.10793644364352697,-0.022935425793683087
2003-01-01,0.00984219672239345,-0.04635827919078428,0.11000522091740468,0.03180193847843579,-0.26360981814239337,0.16441141777004756,-0.11994663776980863,-0.058572622085059124
2003-02-01,0.002917996607720852,0.046699186570422595,0.1171954831138986,-0.222881731330132,-0.20275951727576877,0.1399614603806895,0.07773606056297147,0.07305635415293552
2003-03-01,0.0949768511497456,0.013804927381665208,0.16105772286164957,0.053639919021908115,-0.1698700630146524,0.1048044559169323,-0.047375196339310824,0.03674224674425743
2003-04-01,0.044786707376656326,-0.4182837383691655,0.3322690236763876,0.01248449790386521,-0.2871867107308429,0.1853888048559216,-0.07857548089714737,0.29295490433772403
2003-05-01,0.11944848558177118,-0.465065483437028,0.32535576429523405,-0.23679331857330946,-0.16006623273310452,0.10750086066570688,-0.05326475276871844,0.1015353154529024
2003-06-01,0.09998875953581021,0.26564383229544,0.3069915732399362,0.0012902217460986304,-0.05365062666975933,0.01431504621150646,-0.0963038806845476,-0.20204196097674193
2003-07-01,0.046541007316630814,-0.27084911978522014,0.33510874529353907,0.029461502040527304,-0.03854973322671393,0.011190740351981306,-0.2279471572454985,0.1545486212880523
2003-08-01,0.12051114083632178,0.197117394486139,0.22972077131271362,0.17955186111586435,0.08329074505878531,-0.15838153607456398,-0.11047384961768313,-0.08404934088940973
2003-09-01,0.11507391767657321,0.10453225221744804,0.43417518256140536,0.4011994721938153,-0.055540085810682045,-0.029530591522970946,-0.3759637139401994,-0.08057439527301877
2003-10-01,0.01863910128241,-0.11910564850929171,0.2284522427887213,0.41175399507795063,0.0354696956017743,0.13606968395253446,-0.11960422402029638,0.00878828577697277
2003-11-01,-0.11372267390074937,-0.6001486334689828,0.2775059371698098,0.4688591373210051,-0.0746874138712883,0.12262186682816094,-0.2495642717894133,0.08487955260702788
2003-12-01,0.05225622216644494,0.025835180611804474,0.14739912308630396,0.2278526522675339,-0.20528719153093256,0.1384458749006826,-0.12054211619469496,0.027420996101918043
2004-01-01,-0.04326317702298579,0.4045620214107425,0.08908301958295166,0.1185955897885926,-0.11853016103091446,0.22529869848954764,0.02415344488244873,-0.24901382211181852
2004-02-01,0.09853037317161974,-0.07318577967410864,0.01231733495827581,-0.14426280953446213,-0.15391432072805322,0.025527142252482423,-0.10221763975448436,0.2938005659315321
2004-03-01,0.03729857828306115,0.12792759509973747,0.1989634066331582,0.012075724270270795,-0.06256145222679428,0.02133371242394684,-0.08468752609448389,-0.14791883079818
2004-04-01,0.06500496326581291,0.24783001389614373,0.36250643554281015,-0.30177813403460446,-0.10966064975313518,0.017777997802229637,-0.08157639353124944,-0.07931401746140586
2004-05-01,0.008314680409334276,-0.3209592298019764,0.2138657403773949,0.08820642013939059,0.057489959442097206,-0.05200954140923548,-0.07437749530885134,0.08982768006346843
2004-06-01,0.199976644438246,0.14377147132574125,0.2463812710808926,-0.2922310512893054,-0.15904022299725076,0.0497228631102447,-0.0812949344247311,0.26712112680629446
2004-07-01,-0.0383373633351015,-0.053715649559054265,0.6754694414920495,0.5325928026316117,-0.10730633917062178,0.05120502798058463,-0.4304084154936644,-0.16728503698552094
2004-08-01,0.11954623395981995,-0.19942393829656202,0.36822369352715917,0.4448475278153711,-0.006457907147705555,0.0008980076469428151,-0.03326766797014184,0.0834705135612576
2004-09-01,0.021939906899047932,-0.06285604782575785,0.4217532325963505,0.4028609516669293,-0.07268979983485263,-0.06900838979169832,-0.14808914951376012,-0.015128474613582646
2004-10-01,0.038618914297093514,0.07852542885514192,0.4066420871703351,-0.028389547856486574,-0.23961324730645053,0.17548623554250029,-0.08731672691332326,0.07848016124356676
2004-11-01,0.012172325311795525,-0.3117532577625541,0.41632232118825446,0.3609546593257359,-0.1590390244255895,0.12667357181826383,-0.23996864218969602,-0.04122697605958415
2004-12-01,0.04782124786921169,-0.6450545649195827,0.19353415633811324,0.03060685964871426,-0.17185392587081244,0.10611633671090959,0.0621612712338164,0.19910318983925712
2005-01-01,-0.08320534682792166,0.20867237864538682,0.15240610867250162,0.18340968051735235,-0.20313256460687387,0.3078714647191636,0.04389082366885902,0.005382478789046958
2005-02-01,-0.00366922037716469,0.42070101859957676,0.2901895612966819,-0.2245366877439071,-0.3081515431404114,0.2844872256965502,0.23471129772899385,0.04957092374011322
2005-03-01,-0.0636891502401103,-0.3465550930001015,0.17959383911773807,-0.27090271516722075,-0.13291764518489008,0.14891677291680736,-0.06831440369825105,0.1438682243503906
2005-04-01,-0.04918328283921532,-0.023670598518016728,0.2749916227137456,0.23476575710335557,-0.2484167561582897,0.1257439084509586,-0.17647650428451933,0.2603001094906142
2005-05-01,0.09748370427152385,-0.22522814052049503,0.28434388461660165,-0.231347491546553,-0.2689764875432719,0.045629149775106646,-0.2107432833662978,0.019620569353854214
2005-06-01,0.09122345110644464,-0.36551106807797457,0.5075076075850941,0.48733873634922265,-0.0673294472305671,-0.016740894486718144,-0.25021460679200314,-0.13664385165881227
2005-07-01,0.012826208916047344,-0.5787132784377697,0.1214243227341136,0.23290551438623547,0.003212838403313704,0.002563594186559637,-0.10736359300108643,0.22232833283918874
2005-08-01,0.15946607226910797,-0.1774812680344249,0.2378937406618087,0.27653809104646954,-0.0013474209244241533,-0.08583797921314308,-0.3228270390012242,-0.1784612873086223
2005-09-01,0.18651098336862482,-0.3263509550759959,0.44697713656503646,0.24913969088573845,-0.06546277714812238,-0.04618122169734739,-0.2974477437165406,0.11607199838315999
2005-10-01,0.14282620471456775,-0.11782983188019243,0.40484830492832624,0.3158248808919167,-0.10167072810556577,0.06936178509647965,-0.3860068616566357,0.15530472931762535
2005-11-01,0.048602032272712044,-0.22661614903183872,0.24575989265910916,0.20199822528021677,-0.1302698870068011,0.16272042924208,-0.26877318416629825,0.039044872391968966
2005-12-01,-0.024790106260258217,0.18746308809102968,0.14510595651923633,0.5601414004150702,-0.12222113816634468,0.10067799941022346,-0.0037635903100709652,-0.17181006260216236
2006-01-01,-0.015131861943265665,-0.06169188594402269,0.19328698027329366,0.20099600054779831,-0.1415239728015402,0.157121774998117,-0.31496996043233183,-0.08244031212396091
2006-02-01,0.05015732882463413,-0.045887428487456125,0.12024705771540033,-0.0044322534635358925,-0.06788392024843588,0.09404208431852626,-0.18200496849310288,0.03235708508226606
2006-03-01,0.04307083866518477,-0.04120817364648331,0.1548819121767263,0.0052456354380262145,-0.11463492460872815,0.04805749586076601,-0.10381642800361454,-0.017455766943317873
2006-04-01,-0.025587247522628826,0.3181132466294045,0.2411757092006871,0.20115668980442747,0.009428241047198357,0.1161206011653792,-0.11260860540845372,-0.14134866219979744
2006-05-01,-0.059511690683986825,0.0016378313248847113,0.09313250784991217,0.2230476816089786,-0.07429774850606918,0.06769654598641903,0.026401488093642497,0.02929040886185787
2006-06-01,-0.007804006378611793,-0.6898417029269907,0.3409182683366244,0.05494900123805416,-0.023973097457833912,0.05084351497761747,0.14866950275661708,0.04752587087245451
2006-07-01,0.1546479599631351,-0.5187656643778779,0.4366394437727381,-0.14977532686019432,-0.06724321080938629,0.0018091145770769595,-0.03684245318442851,0.1534787558571056
2006-08-01,0.186778394424397,-0.07333138654398363,0.25271353174428474,-0.4848162130433686,-0.2033690071624258,0.00023817402436166792,-0.13293600095821928,0.1562544662091467
2006-09-01,-0.03680686425903569,-0.2312142315299012,0.11899433419352673,0.4829653671809605,-0.1048321309296981,0.0935243085977879,-0.26610265443990894,0.0804731475741223
2006-10-01,0.05634772874738859,-0.022765374634155008,0.12787865077862975,0.277657472357458,-0.23436648366243942,0.10913641634562338,-0.07869392834805153,0.11836887095813398
2006-11-01,-0.03895060280742852,-0.0030661034289487573,0.3633292727783078,-0.014360262347119195,-0.20456174793450727,0.12893277015669127,-0.14968414430145743,-0.19550607555882177
2006-12-01,0.06647057750302812,-0.16912428099055624,0.24377185790265193,-0.04571402939606686,-0.12567584281382352,0.04449708400465918,-0.11725928298793396,-0.08263109527804233
2007-01-01,0.023915616633451504,0.015260993914548741,-0.005374394632020935,0.26135666638004534,-0.18546994289626245,0.18283118170203894,-0.005445943784539227,-0.06486091555820571
2007-02-01,0.11815585843894792,0.10986974419549454,0.15960661847083296,-0.7369341898937615,-0.3399825290493343,0.2384158419379106,-0.021433924232517276,0.1189130427384818
2007-03-01,0.1279287607125614,-0.09370429744554121,0.060269438096734344,-0.07158488947518019,-0.0012470492789440828,-0.010430137461698647,-0.1012975786317576,0.07430936071883748
2007-04-01,0.2107235400573067,-0.6364289411278659,0.260244969461785,-0.011782027895049172,-0.19570135551950205,0.04613897862269523,-0.11647357060028625,0.13376102886266178
2007-05-01,-0.046180589529483215,-0.08098330608634062,0.2100903479779353,0.25611878657827575,-0.012848033245814882,0.06856791120260321,-0.02201308940981959,-0.04700970215102036
2007-06-01,0.11770559231872144,-0.9785457405933115,0.15837898264165784,-0.2584575086223836,-0.03157525890223358,-0.06629816183807156,0.14995102275599229,0.33421906884069796
2007-07-01,0.06014843187902284,-0.20350739359855652,0.3929121572463239,0.2759173512458801,-0.09236361669457477,-0.0519708089583309,-0.21813305782842204,0.03503765781513519
2007-08-01,0.0756070908644925,-0.3190047865690187,0.19118307066745446,-0.15066408989380817,-0.0976725117019985,0.02678303008383893,-0.12519177687060726,0.1792581027580632
2007-09-01,0.15604811842026917,-0.4153895863266878,0.15544401573353125,0.17521224763928628,-0.10696697332288907,0.0520815927508875,-0.2081454504986067,0.1096089612002726
2007-10-01,0.021582098839723545,0.15556096684101017,0.22849763026002978,0.4136056012036849,-0.07897675361322319,0.08598915598493942,-0.16785691584552728,-0.04773846120332126
2007-11-01,-0.09694418505482051,-0.5677193403244019,0.22182532998382068,0.20887570417657192,-0.17624936350013898,0.1586117167422112,0.053126715660632186,-0.04992922595529644
2007-12-01,0.08160993456840515,0.28372994342515634,0.20794663272920202,0.23477665927945351,-0.131705929727658,0.06376252053899968,-0.12838211212609263,-0.1032730392007916
2008-01-01,-0.08584918535274008,0.1779614492904308,0.20921990031101664,-0.008878934824345064,-0.227045397395673,0.3362782563723571,0.06844690656876778,-0.00743427210383945
2008-02-01,-0.011895952300856941,-0.06878421057102292,0.2632330431312811,-0.15560785422519763,-0.11940345006144565,0.1812462054245861,0.10052278033784917,-0.0527179015248462
2008-03-01,0.03243930151929026,0.2756511575953905,0.24273473708356014,0.018707742648465295,-0.18468081303264783,0.17388967651847406,-0.11355816680300342,-0.19128770153555605
2008-04-01,-0.09021841637466264,-0.1140350605859313,0.3301173937125284,0.12309337605019005,-0.23933197169200232,0.25125565469687716,-0.03403376469069773,-0.07967029491232501
2008-05-01,-0.01964383029743381,-0.3407112387723701,-0.09089817033439386,-0.07513913573050986,-0.10989083220129427,0.11405113899538703,-0.009193348589244189,0.34825937063605694
2008-06-01,0.12831512190725491,-0.30585135831389315,0.06896673289478802,-0.13099061895389946,-0.008755485000817671,-0.11050362430565747,-0.1959075396125381,0.3518238180765399
2008-07-01,0.17293158756650012,-0.24608463742012202,0.2861803672352775,-0.17059548776976916,-0.10388319421073665,0.032188213621893676,-0.0758678560052906,0.17076291281867909
2008-08-01,-0.09278684206630872,-0.1277846825677295,0.12656671346211043,0.4498526758077193,0.05495127533441004,0.0036986795723015537,-0.17806138205635652,-0.07847948732820373
2008-09-01,0.09067093386598254,0.3613020791563877,0.42529956239168765,0.32106720063151145,-0.08604099731082501,0.0021480657952897093,-0.283855428029825,-0.1384874288406637
2008-10-01,0.004543782130855581,-0.05551428902287816,0.22863594234966841,0.34691578879648327,-0.09110454145980917,0.08720606433372971,-0.3358499558122308,-0.02993886333165897
2008-11-01,-0.12339321977418402,-0.08680407217768736,0.2552241575522501,0.768644894872393,0.02876935000328914,0.14333644657270284,-0.4008311677623439,-0.05197246662444538
2008-12-01,0.000980139821362884,0.1318880898314853,0.05151939685227441,0.3118643347097903,-0.05585141479969025,0.1333293287043876,0.07356206911641197,-0.06869727469704769
2009-01-01,-0.065527876596088,-0.22203513356142265,0.05253857520760083,0.014682941860994515,-0.21559939436290573,0.20423172213507038,0.261021620249963,0.1399524578893626
2009-02-01,-0.003362814490885838,0.19614277190940324,0.1341658048942441,-0.18727963372152678,-0.18052726012209186,0.20846691220364674,0.07517091124444394,-0.04095096066723474
2009-03-01,0.08669916702353436,0.027154435858476995,0.17783017676384724,-0.13184579355376108,-0.19276082191778265,0.19826835140268856,0.0191200583300612,-0.025335818322168455
2009-04-01,-0.11502480863229088,-0.05073968840892925,0.2992211795244061,0.2847476881377551,-0.06222485200218532,0.2218144106949475,-0.12159722748103441,-0.029319398001664214
2009-05-01,-0.032649096101522446,-0.8075578961261484,0.02158895501347839,0.07222925825994841,-0.020766395913517994,0.03552619394258404,0.06558177908798596,0.39922988249195945
2009-06-01,0.12776638664629147,-0.137840072775996,0.4501691118615573,0.2577354105151429,-0.0996486000392748,0.07333431577851587,-0.07624117036660512,0.010499406467985223
2009-07-01,0.014569407895855282,-0.4043203800223595,0.3710631708629796,0.040692531940888385,-0.037636911577504616,0.08853444340803945,-0.12784902811855883,0.12025467499538703
2009-08-01,0.17252799285494763,0.416185412296029,0.30729533707509277,0.1965488858368932,-0.07641264439924904,0.037458846147390125,-0.2608939266956604,0.2515280032875361
2009-09-01,0.098220348034216,-0.2422543805699016,0.30911481771312777,0.3443254500019307,0.016689057583394257,-0.01910389500095489,-0.2186140565721838,0.020858381348834543
2009-10-01,-0.042128158004387566,-0.3950931651647701,0.18113882082407592,0.448985823563167,-0.15048324737859808,0.18409020300452592,-0.021597414134858963,0.11182995858015837
2009-11-01,-0.14937139399673627,-0.2997425406478172,0.3268037174568802,-0.0067089460980223154,-0.2099542352168456,0.16609939171912824,-0.055924190107632325,0.4434048784551797
2009-12-01,-0.10921881412682326,0.19528540067894515,0.3021700460402692,0.12447328439780644,-0.1752504835958066,0.15443877072621745,0.06237827526690723,-0.1382122575132935
2010-01-01,-0.06239119431246882,0.07047225656204445,-0.018451652932362478,-0.08333903186175289,-0.17034584737342337,0.19016516335467076,0.12477449065930134,0.1866382408749174
2010-02-01,-0.05360586649697759,-0.22295313172562178,0.10854605524266353,-0.08541050614142905,-0.22325569196887637,0.21638017913973925,0.14396109660198023,0.11842056625971087
2010-03-01,-0.012354757231862648,-0.12664739475693815,0.12242626704153467,-0.21358258566077876,-0.15576021826785544,0.13870958846511572,0.13677970850252888,-0.016782437106249506
2010-04-01,0.050534988227097885,-0.1928123623825783,0.17235586877729073,0.16784488546605014,-0.07367786829886229,0.07327905103088694,-0.023513030562851877,-0.12881843442166294
2010-05-01,0.01546368407814399,-0.12705065310001373,0.491466727413115,0.3420756787669902,-0.10722199373919031,0.11449931255469085,-0.18188298285544455,-0.11506101323498619
2010-06-01,-0.039725693995537964,-0.49347870571668756,0.5555703014623924,0.28675466167683505,-0.04434252319776493,0.045941719877804425,-0.20635950437805672,0.10973313754355465
2010-07-01,0.1363131663073664,-0.28364559592202654,0.06832074312890163,0.47601981430637597,0.08596884005743524,-0.12667319136308441,-0.18544642208563583,0.015634212953348953
2010-08-01,0.09057019715723784,0.1095698929803316,0.45277378598197565,0.12384183248695062,-0.009755054286316685,0.07004508821306922,-0.10484064182451179,-0.153653839327119
2010-09-01,-0.10761059820652008,-0.4119741708733315,0.21104104206210278,0.17423135589580147,0.169154013628545,0.014903047122061253,-0.0065434354919571055,0.07310755102446785
2010-10-01,0.0365901090528654,-0.09928611648637195,0.2895600483065746,0.21081829861718782,-0.06504149945533794,0.0021185646665857196,-0.013253317625672967,0.0405846439577915
2010-11-01,0.054229642062083534,0.14722906919412834,0.1900592299758411,0.09671879970297521,-0.11924748997325482,0.18957744464806633,-0.04414037406981528,-0.36554195814662505
2010-12-01,-0.12120352653057678,0.5630153902741366,0.35953426458796517,0.08954746382577079,-0.04705766458874163,0.2806305779632947,-0.0954556102688248,-0.29532763831041475
2011-01-01,0.04807773005703221,0.30998792066130526,0.16549550851837533,-0.06184098215735689,-0.21104396361371744,0.20440925731726572,-0.14878038887505057,0.2251301823114907
2011-02-01,-0.16099672926508862,0.18881935366364413,0.18404325256582166,0.075527409813842,-0.09640134547067725,0.11281737767107099,-0.1870384288800729,0.1633043090502421
2011-03-01,-0.017552760065249775,-0.2030923616054446,0.21893758265698543,-0.06582148525179649,-0.04195548270059668,0.05734420995763008,-0.014081320238744352,0.012985681381973403
2011-04-01,-0.045240293864322746,-0.2277929422467254,0.4189778058255305,-0.23327360347825654,-0.1624959480503331,0.13559446372884387,-0.009812579830051273,-0.007227328778417022
2011-05-01,-0.14789167629635852,-0.5283335613649945,0.16855845441583728,0.2443906299921931,0.043789131323928414,0.028378946429237408,-0.046474808776700814,0.03457005929063867
2011-06-01,0.04546351568854373,-0.20430332352948744,0.4545093559827961,-0.24348407679674577,-0.0774463638663292,-0.07947868542045566,-0.07622173257373474,0.13160533271729946
2011-07-01,-0.08963981400365414,-0.6155653748401376,0.22525293905226912,0.3768800472726627,0.007264924984749245,-0.0473504291569933,-0.143305833141009,0.1350712376060309
2011-08-01,0.11386988765519598,-0.37005103604738104,0.2666070568756979,-0.014257490901010377,-0.18185396557268887,0.059758858583497665,-0.2789279496347582,0.3808690441979302
2011-09-01,-0.039144718776578484,-0.15625558620275454,0.25283567240980803,0.287673151006504,0.02328672486802806,0.027627885632269773,-0.15754333219012698,-0.11833793725128526
2011-10-01,-0.015013708490068497,-0.329360539136931,0.12394233805234316,0.35728687534526904,-0.06182278789903806,0.04861348751166188,-0.23855421322960035,0.12627882813965832
2011-11-01,0.003943337967781269,-0.1556485024995582,0.31176619842404224,0.15121407958925986,-0.07438305765390396,-0.011272654465749755,-0.14663890071280367,-0.05457860986805624
2011-12-01,0.04411050644905671,-0.27428394140199175,0.13095103814953662,0.2927666720078916,-0.18944008194881937,0.21742548502928824,-0.15611210921863178,0.09887476486188393
2012-01-01,0.05272349909595821,-0.1190785751786343,-0.00517611452912698,0.08114724591070292,-0.1542976369028506,0.1613815836872615,-0.21077459594150919,0.021956840323077306
2012-02-01,-0.06584292682616606,0.14229774648366972,0.3289205373310652,-0.13111212423869542,-0.15626867180285245,0.17686143834540186,0.055850612687634985,-0.17282465403830563
2012-03-01,0.1364515527434971,-0.00846463006509598,0.1353252007335913,0.09934348719460624,-0.05576677782380062,0.024434638784286825,-0.13435249393050733,-0.05112432150377167
2012-04-01,0.11138654435458391,0.224591756975928,0.33008451344536954,-0.131116868281851,-0.22172433850557907,0.08571422956091293,0.018234685197606817,-0.017571739024586145
2012-05-01,0.10615526496068291,-0.11567642349143362,0.07422670233445089,-0.20390575637622757,-0.14298336337441983,0.10111381478132087,0.06783645063101708,-0.1427386042282537
2012-06-01,0.01273894804003446,-0.06657909861830778,0.7535617859637151,-0.09982070448447247,-0.1137172722298166,0.05670632665038955,-0.15548529724280039,-0.27657126386960346
2012-07-01,0.14411411855531775,0.05899938906348029,0.36876802561713046,0.061181351086314846,-0.0792352482676506,-0.06803320984996802,-0.005534029490238911,-0.2827967413597637
2012-08-01,0.1966466398342796,0.0884329337020253,0.4089576054791935,-0.1368712101663862,-0.1523157176764115,0.040589007449911,-0.10266222630266669,-0.045803780839950944
2012-09-01,0.08395106896110202,-0.2046511963356373,0.46810444261206957,0.13353791163892162,-0.06219649120517399,-0.03115643304607547,-0.32153949141502375,0.012311867990151599
2012-10-01,-0.031534272610493325,0.009510294685876646,0.3562954117040165,0.15656365727891727,-0.21485929255900174,0.12164583284381435,-0.0856207129923073,-0.032073739243464336
2012-11-01,-0.09082965552806854,-0.40707837703616123,0.2579719805326618,0.4929402044841221,-0.16757554334142932,0.1425574434564469,-0.2547882631555334,0.22242003706870253
2012-12-01,-0.06590364905803099,-0.41378136984137603,0.021431431723911255,0.4650810847477037,-0.09207602428353351,0.14451141898513686,-0.2869338468388394,0.1465579227509874
2013-01-01,-0.00761475403914633,0.25086997206821,0.1838130051972436,-0.06603834276296655,-0.16605994947578595,0.19555910893365847,-0.092404120368883,-0.181681580013699
2013-02-01,0.04067368724423906,0.059203335712122364,-0.03789981491253024,-0.26355829774116984,-0.1649739139753839,0.17054516108746226,0.14900658783074971,0.07269222427297521
2013-03-01,0.011142744156329527,0.3786725013755089,0.24462584100785803,0.20994378291830726,-0.2147254574558009,0.18667719254256987,-0.08255992386792156,-0.060643657990213894
2013-04-01,0.07806455149598743,0.21208120986472728,0.2561788334221136,-0.32798888123765285,-0.15019034237965292,0.14084067644802392,-0.0418276169446406,-0.08947605405140806
2013-05-01,-0.1339777332285176,-0.35522282123565674,0.2675196675003552,0.5277765648705619,-0.11212053182332411,0.18853002511863168,-0.3772384411579853,0.07080403329045684
2013-06-01,-0.0013960383670485537,-0.7565208645754082,0.20773755233795918,0.30278040438282244,0.12367820448201636,-0.05626848218500192,-0.16362160813432555,0.01870967281758095
2013-07-01,0.041639318932657654,-0.3279515823652578,0.2427262605213728,0.325586418716275,0.007643279336068941,-0.05140395187739785,-0.15344094518605653,0.13029830124988048
2013-08-01,0.1341749225621638,0.20533822650133177,0.33840671425960106,0.16325026446459245,-0.09055998500274574,-0.0014171136397841974,-0.32229341633685,0.12461337933523786
2013-09-01,0.13413047822921173,-0.17440660401832225,0.3834863666628228,0.23780883270867018,-0.0802990858969481,-0.09834825041446281,-0.38949092766186133,0.01760335225198004
2013-10-01,-0.04510445844220078,-0.1551528829474782,0.1048212046505975,0.24390067068897947,-0.08349079314781271,0.11209927974863255,-0.18982929555145467,0.18260293398742322
2013-11-01,-0.07013813794954964,-0.4666389420975086,0.15794647033097314,0.1287188913140978,-0.06081181294892145,0.1318460819146312,-0.04155023845734897,0.13278478894520687
2013-12-01,-0.08332429696684297,-0.0014244779121390608,0.17899118485997936,0.09181478193828038,-0.05648386786165444,0.08923787597223377,-0.09701989490438151,0.12398639831829954
2014-01-01,0.1220732279445814,-0.3323731034301048,-0.002233097215228882,-0.1903985684015313,-0.23452446836492288,0.08807803457933115,0.16197793118588558,0.3735867570395823
2014-02-01,0.03210528267790442,0.09389809917571933,0.10888339554677244,-0.20991589645950162,-0.13965889811515808,0.07608718113273594,0.1741593485479956,-0.037850053222091104
2014-03-01,0.04296282954190088,0.353213416975598,0.09379507210411009,0.03736285986948987,-0.1460119919932407,0.07904190702218536,0.11774821055902016,-0.12522127341341088
2014-04-01,-0.005464438025070273,0.029119060829628347,0.24395462919454106,0.34640708139964516,-0.11024905935577724,0.13952546931327658,-0.01813087207034465,-0.005187552974179939
2014-05-01,-0.006461554996507323,-0.25234222412109375,0.2530498827090029,0.0302109886340949,-0.0698526835312014,0.08039086370180686,-0.10838507934733553,0.2735438929111869
2014-06-01,0.019478231020595715,-0.4457575983779375,0.2678312971943715,0.25034416086819705,-0.04977497231701146,-0.006883922330242522,-0.08139230294136313,-0.08551385943536405
2014-07-01,-0.012166942874698534,-0.4080700319866801,0.34868358100046876,0.3971885053478942,-0.013799338763498741,-0.07003005329810136,-0.0607635263722759,0.09121966582757454
2014-08-01,0.14442472678163776,-0.5712930546250454,0.1087031403525931,-0.45956364091561763,-0.17301074188688526,0.07681832714864971,0.11091018850738937,0.35266771360679905
2014-09-01,0.09787744316069975,-0.34679264523262204,0.3368653234888296,0.03843272142872518,-0.19243323932523312,0.09557094609906489,-0.21060276944358067,0.1997808339419188
2014-10-01,-0.029418451468581738,-0.17518931350042655,0.2205622733616438,0.3221450715648885,-0.24770308771859043,0.14045114846939738,-0.22800691627167366,0.3616578256090482
2014-11-01,-0.07187759746675906,-0.26676798629206283,0.28348088753027995,0.4961869242239972,-0.1272877516305965,0.08720433511209827,-0.3760310577916669,0.22546065350373584
2014-12-01,-0.02860057410662589,0.26777050522870793,0.33375488930061215,0.13028184066013415,-0.18600866846416306,0.2429931404742789,-0.002428922835771028,-0.1377246894494251
2015-01-01,0.09617923718431722,0.05720631587643956,-0.0508990718937311,-0.11531034750597818,-0.1521913739650146,0.08403678484102513,0.17580792039364307,0.06928137003409642
2015-02-01,0.08692651501168375,0.22819085523139598,0.11802671141311771,-0.2788398642929233,-0.3005916333716849,0.1675700306469667,-0.011940855902057509,0.1693773919854451
2015-03-01,-0.1236745034870894,0.38767405027566954,0.15641475310091113,0.3859935670482869,-0.12475426268318425,0.17044398378818595,-0.1642627876486864,-0.013997698961584655
2015-04-01,0.024279577495611233,-0.19404323295105336,0.17187028634743612,0.23470595479011536,-0.07504116257895593,0.1423228901962862,-0.12478829772622735,0.0021928990328753434
2015-05-01,0.007596668159670156,0.11049621673517449,0.19298369278673266,0.32542664177563724,0.042152939283329506,0.0530271348378337,-0.22314981565819128,-0.1891891575521893
2015-06-01,0.020201925350272137,-0.27868193249369777,0.33627125571985717,-0.10462987179658852,-0.07537730524073476,-0.05256773388766228,-0.2513668021640262,0.04655511325432194
2015-07-01,0.022032377107635788,0.09798054951567983,0.40581849266271125,0.056608697893668194,-0.014301864227846912,0.007917555313266761,-0.07371261195690781,-0.046864825438846035
2015-08-01,0.00187032299278223,-0.09952141621778178,0.24832235496552266,0.3677601108745653,-0.01945024477722852,0.03360169312209948,-0.09054175435422776,-0.04878645003945739
2015-09-01,0.019657672585352608,-0.4615237893060196,0.15004592352226132,0.11745326373041892,-0.09072818995817847,0.0574805423723045,-0.17352145802867303,0.1705430637769125
2015-10-01,0.05620041781145593,-0.2719756302445434,0.3129478849348475,0.01946577270116125,-0.28597239566885907,0.12217333659212641,-0.17025223387791227,0.03730237949639559
2015-11-01,-0.07102224651886069,-0.009974603389584741,0.16038419037568766,0.21185651421546936,-0.0864318288538767,0.10530468314252002,-0.15613031951156822,-0.08642943575978279
2015-12-01,-0.03888106135570484,-0.2055622637271881,0.2095293559011866,0.4465013438341569,-0.2672639391992403,0.17685549901732317,-0.08206740860734973,0.053771807708674006
2016-01-01,0.037479906788338783,-0.07543872262156287,0.00043734631378997547,0.42612388425943803,-0.11901908108721608,0.13358233932484972,-0.10349541768297418,-0.2823252713790646
2016-02-01,-0.00115359991626895,0.029046400341876718,-0.006903662178360048,0.05600146036975238,-0.15140559686266858,0.16581154038720097,0.05660860522373302,0.10889258442653549
2016-03-01,-0.0325087437649136,0.0994652423054673,0.22249236458637675,0.3451469601417074,-0.15477355083693628,0.10794458765510127,-0.06331880199345381,-0.04795149520591453
2016-04-01,0.07894607665746108,0.23387828192045523,0.1097983512722078,0.06149608109678541,-0.11062912804924922,0.118955671258852,-0.053364796949936455,-0.2810927038943326
2016-05-01,0.03532688335879989,-0.24979506121125333,0.1666908747837192,0.25198836715853945,0.03168266873968684,0.048324331007105245,-0.2798795700073242,0.2804795625033202
2016-06-01,0.10757681144320445,-0.003910152414856955,0.5072225312717625,0.1382915493176908,-0.06492848953475122,0.06103619457559383,-0.21301166632690943,-0.17122418826652896
2016-07-01,0.18380867398303488,0.0841587868540786,0.37056850116761003,0.20286606586709316,-0.09997061089329097,-0.016896421063347912,-0.2193044233429539,-0.04923269066407724
2016-08-01,0.06532803906694702,-0.2901799976825714,0.39059211973284114,0.1233379071464344,-0.054384229461783944,0.06433804618551377,-0.14465912371068387,0.09847083107430349
2016-09-01,0.2102326277805411,-0.21608276076095048,0.2718919857603605,0.3362939674027112,0.06527198559564093,-0.06657873696469246,-0.12338112469192022,-0.12600168033882422
2016-10-01,0.03779587214407713,0.4279859883840694,0.32271317771223723,0.23774641508958777,-0.151124256460563,0.1662642503461094,-0.16715987040115904,0.07975683375089257
2016-11-01,-0.13573906667854474,-0.4214729680571445,0.22504786487485542,0.49405335163583564,0.015614316393823727,0.13897470231597306,-0.1283588802425174,0.04789697834187084
2016-12-01,-0.05177635213603144,-0.23195624004962834,0.14772067060236072,0.42902745154439187,-0.06755087524652481,0.08557718115072724,0.17074724441176062,-0.027547822402859173
2017-01-01,0.062371830901373986,-0.021609174477499587,0.03205292903986134,0.17919205889409903,-0.11035426641288011,0.04053733952290623,-0.08701996223346606,0.2881714263585982
2017-02-01,-0.05811398201014684,0.34268782582393914,0.15534408024100008,-0.04967538145731907,-0.14417952169542728,0.14718954339095042,-0.045172108320502544,0.10614760599478526
2017-03-01,0.004755769370366697,0.08942140049712603,0.4174985357972442,-0.02640116465639095,-0.23350177899650904,0.20236398575576486,-0.02003897753384736,-0.010731640375322765
2017-04-01,-0.08361439180114995,-0.207069186970245,0.1109289219144915,0.2846906379777558,-0.04216449983094049,0.11122998193646154,-0.10736975315454843,0.21482574305048693
2017-05-01,0.11995140787052071,-0.432604170122812,0.20042926561637003,-0.1367543576931467,-0.06514878781593364,0.06074229823359361,0.06804048746555774,0.1686861945523156
2017-06-01,0.037331757662088974,-0.23001493063083917,0.21856576204299927,0.27441929797736964,-0.06442817089998204,-0.03266228719594631,-0.27257398710594516,-0.20497428874174753
2017-07-01,0.07737962448078653,-0.015999195923985438,0.29257076685545874,0.39901660413158185,0.03595304391954256,-0.06490082509736432,-0.1720790927474563,-0.001079054480349576
2017-08-01,0.10600519245085509,0.1278930625250173,0.44773792634244824,0.5320320932232604,-0.16518601256868112,0.01189552036160273,-0.22638539808827476,-0.0659807050531661
2017-09-01,0.07452291800923969,-0.04334025258241698,0.21740281191028532,0.49455010769318564,0.030448158150133877,0.02643538387954658,-0.23859851397909557,-0.005208842533951004
2017-10-01,-0.008122024187089308,-0.07549491386080898,0.23768744507773978,0.5583206609803804,-0.05566320665504621,0.04456060416732274,-0.35844454625705335,0.03076434066450154
2017-11-01,-0.010254910296720007,-0.6077794141547624,0.08443011978610618,0.18547464694295612,-0.10195127485886864,0.13749439612770759,-0.15998214885995193,0.16944996874641488
2017-12-01,-0.09380530404007953,0.24902465385059977,0.31689744992334334,0.1189638157280124,-0.13773441314697266,0.18124492138835557,-0.06153722134259369,-0.050457891214776916
2018-01-01,0.010120917273604351,0.05803875798402831,0.11222241599051679,-0.019793567836892848,-0.2164511738911919,0.13159550198003755,-0.11545824440749915,0.1605788228550443
2018-02-01,-0.09592219215372334,0.18138558019039244,0.27456806331384376,0.0030630957145167856,-0.14605878487877222,0.05642947615355465,0.029452055323499815,0.2259691901229046
2018-03-01,-0.008526440385891043,0.5792027296021928,0.18396420312709497,-0.24241715365526628,-0.18314882788969122,0.11550319638658078,0.08250765233963459,-0.17819610872754343
2018-04-01,0.0001889548477028375,-0.04410644516695378,0.11875261781645603,-0.1017891174676467,-0.1422880946294121,0.1530618373806595,-0.10372232142332437,0.04323471037895177
2018-05-01,0.069133880669656,-0.3813597352005715,0.18215269827451863,-0.2415395664925478,-0.08972896991864494,0.024247967393685742,-0.014489644148328281,0.16109638467982962
2018-06-01,0.11652870022732278,-0.2524133511753969,0.16937639381064742,0.1444296265135006,-0.09981640007184898,0.06780572341266254,-0.11304664584967467,-0.07390752607197673
2018-07-01,0.18118250629176263,-0.04110467988391255,0.23990547070737744,-0.1053837717187648,-0.05003211452909138,0.04972776279170463,-0.08124597035012802,0.23437712203573297
2018-08-01,0.09660786422698393,0.04409514800753704,0.24632481766528772,0.25926655044361036,0.030773386116261067,-0.0015197077382963602,-0.021735217992786885,-0.24828796309453469
2018-09-01,0.07975552555011665,0.0890941727300023,0.3460612209116826,0.2880170637247514,-0.08073758495890576,-0.028408848489007207,-0.20396986657434754,-0.21162356629415793
2018-10-01,-0.07497077888768652,-0.5046146900154823,0.27317859110285025,0.3416730128988928,-0.054751976352670914,0.1160856362775708,-0.27799755334854126,0.4295928196774588
2018-11-01,-0.0706659548956415,0.2762980412605197,0.2440448178619635,0.823922729005619,-0.1448039289401925,0.22714264849399,-0.24078884371766096,-0.10312134744944396
2018-12-01,-0.01786484423538913,-0.1235966072526089,0.24799389428779728,0.22087968429740595,-0.237739701633868,0.2449495889616351,-0.24737963738205193,0.22230233686665693
2019-01-01,0.058537478680196015,0.488114079763723,-0.010941672276278012,0.002102441468028998,-0.29605604384256445,0.25706572312835263,-0.03629572739874994,0.001687998021090472
2019-02-01,-0.024209025761355522,0.18094190677931143,0.1255563048065686,0.03750942343351792,-0.2645334957734398,0.3086342456492972,0.17299861856945997,-0.004315598764353328
2019-03-01,-0.02697385523630225,0.5765505308328673,0.26501724954511297,0.017873785097380072,-0.22110655579877936,0.3009357773665841,-0.06250442920235899,-0.06994381719441325
2019-04-01,0.051773639152879296,0.11831775827463284,0.1573619906042443,-0.03663097337192419,-0.14758785457714743,0.14015069984375164,-0.011850299674447054,0.024831353652256506
2019-05-01,0.047489923789449356,-0.056846041318982146,0.09998659618565293,-0.27957640740336204,-0.06685991488073183,0.10523124571546173,0.13756342232227325,-0.0007843046828552528
2019-06-01,0.2386525273323059,-0.11792305077231208,0.30336423975522403,-0.11983065276729818,-0.14323039871195087,-0.04091425171346529,-0.17565629772237829,0.018712397582863492
2019-07-01,-0.035668808318998504,-0.291877499846525,0.20340347632032926,0.14271100564878814,0.06524140177213628,-0.021515234459376507,-0.1978751775380727,-0.11090562437419538
2019-08-01,0.024722042776968167,-0.5157620407814203,0.08325030202748346,0.11427260327095888,0.045968409951614296,0.02310999854078107,0.006367742746799915,-0.12770097840715336
2019-09-01,-0.004784271384224943,-0.31194066585496416,0.18350727489737215,0.09620288500980455,-0.054456285484459084,0.0717148871709269,-0.21291740977012358,0.049672744892261644
2019-10-01,0.13934931029444156,0.013830591816195222,0.11045894906169079,0.10697727604788176,-0.21739615046459695,0.1734711229801178,-0.17967200460466176,-0.11383762100228556
2019-11-01,-0.21523012091284213,0.3103018153545468,-0.02410550617047998,0.34561534317172304,-0.0026548040889041577,0.26168239877579064,0.12889356763513238,-0.10833647274584682
2019-12-01,0.05980503704884778,-0.31282208686651186,0.06875061109417775,-0.14797161732401168,-0.11467975766762442,0.08617792780517687,-0.2330254494875401,0.14638298329103874
2020-01-01,-0.062111724653969635,0.24341422804566318,-0.030528714300179092,0.07260399205344065,-0.12281645575295323,0.16835298626980885,-0.022394107738593676,0.08439682424068451
2020-02-01,0.07857883592014726,0.048760350706965425,0.18036251918214266,0.1677699539126182,-0.21640248596668243,0.1649973451668489,-0.03365809853012497,-0.07947320463480773
2020-03-01,-0.007594356556301531,0.05826166895932929,0.13162195682525635,0.28212018767181707,-0.20147915119710175,0.17143138122896778,-0.0855587951436236,0.00210075156280288
2020-04-01,0.07317066192626953,0.3388681730558706,0.24428626552957003,-0.38957173118785937,-0.08642052340766658,0.06532859542664696,0.030979682085196577,-0.06488918551002387
2020-05-01,-0.028486551878892857,-0.07100398977135502,0.2367608127046804,0.11203533076510137,-0.1642829374126766,0.2092266283559461,-0.040392732029562596,0.09057286790468626
2020-06-01,0.15477476560551187,-0.2808024370393088,0.36249690857089933,-0.19667026947955696,-0.121249258518219,0.02881350286357792,-0.18396116793155667,0.027553065404019972
2020-07-01,0.03658195390649464,-0.49424705117247825,0.16925626846610523,-0.10264388152531215,-0.024007212208664936,0.006056526768292096,-0.1707851946005715,0.05506880029484077
2020-08-01,-0.004878072270556636,-0.15040850916574167,0.33003489990703394,0.29902531176197283,-0.041736504467933075,0.04536520478361888,-0.1758236370913617,-0.37265130215220976
2020-09-01,0.10110285619030827,-0.32250735648842743,0.20203457259740987,-0.029141241114358514,-0.08018374766992485,-0.003685381619345582,-0.20090644961004858,0.09372879716533201
2020-10-01,0.008419451162057077,-0.3812847095866536,0.20866179075397429,0.3902603472982134,-0.06209062412381172,0.061556379845801826,-0.2185939869902155,0.17376333751060344
2020-11-01,0.0858186379722927,-0.1954535238964613,0.26960035816567846,0.1749481321597586,-0.1016692055956177,0.04417169261195347,-0.46168736912108754,-0.018976452001542955
2020-12-01,-0.019721099701912506,0.17540725164635237,0.25318247861549503,0.03583307701105974,-0.033053814474007355,0.07724020075290762,0.04769212289436443,-0.23770813864690285
2021-01-01,-0.0744061301583829,-0.15978580990503,0.2947409377723444,0.20300444899773112,-0.09750801583994989,0.10683069943536258,-0.018082505410855952,-0.14345150578905033
2021-02-01,0.1552209743986959,0.04138172885706259,0.030736347324535496,0.2405415536189566,-0.09609226785276247,0.11615006002128547,-0.15942860176568632,-0.316142111464783
2021-03-01,0.04401093996737314,-0.35208640403525776,0.16556470120539432,-0.2058929174530263,-0.1153890205466229,0.0787597915804978,0.011426780943398001,0.3147112343598295
2021-04-01,-0.08879483717939128,0.07778840182825576,0.28677905192140674,0.013777922496807819,-0.13785937234111453,0.22174577552376065,-0.006057399635513623,-0.007528655610426708
2021-05-01,-0.016117800513039463,-0.0009928099664881132,0.3979287430888317,0.2597141934900868,-0.16817860305309296,0.051549926287897514,-0.14124009926039893,-0.06512688425438547
2021-06-01,0.05494156933349111,-0.1138725946115893,0.3370385433806748,0.2860183314401276,-0.04572387298812037,-0.0042386296872340195,-0.0890461946124429,-0.06505936703265265
2021-07-01,0.2969104310740595,0.26978614718415017,0.7682805178595371,0.049964296726547945,-0.1816111738267152,0.02904206989927495,-0.19543993848938124,-0.17651806550997273
2021-08-01,0.08708827359520871,-0.08847238712532576,0.23158121792996517,0.06260773433106287,-0.05815616687354834,0.01337451345108925,-0.18830001354217527,0.007900858677371784
2021-09-01,0.043155431099559945,-0.2265643588332243,0.34798239586783236,0.26740793670926777,-0.04185016226509343,-0.02959519888915069,-0.3173905986923355,-0.0308177399414557
2021-10-01,-0.03321290056666602,-0.27672773183778276,0.5413244493672105,0.5019817425280201,-0.03088655193214831,0.02009802372426006,-0.3617637463518091,0.19952448912792733
2021-11-01,-0.1386239152887593,-0.20648502679758293,0.3859673611453322,0.5443328497361164,-0.059077840136445084,0.15666298304043763,-0.1794081529484944,0.13312281592300643
2021-12-01,0.002403535282887194,-0.010084073860631433,0.0195952620906908,0.11590483541391335,-0.04568851512411366,0.17903664856092305,-0.07441933224867056,-0.0690757331472856
2022-01-01,-0.028289403037532516,-0.45134660809539084,-0.048263596950984394,0.21880551868555498,-0.09666772802238878,0.10776801682110375,0.0688984222408082,0.25247667950612523
2022-02-01,0.05838971018143322,-0.14563710537067678,0.19009081555194543,-0.09313636288350942,-0.16347487335619718,0.19740597047704334,0.05173302582792333,-0.07825508989669658
2022-03-01,-0.03498874037809994,-0.060605907509493274,0.2774392727945672,0.029142050794800933,-0.1225532639933669,0.19806410509643826,-0.2061762654029571,0.07999428522048725
2022-04-01,0.150086034251296,-0.20216121230014536,0.07294695519033026,0.29140872006513635,-0.0776933263177457,-0.017969637897843165,-0.21082403490672239,-0.13150143333607248
2022-05-01,0.027357220001842663,-0.15447768707608067,0.39190224936751067,0.3965987234699483,-0.08594541931929796,0.08680385055271447,-0.2352221055073781,-0.0557825719523761
2022-06-01,-0.04168394548089608,-0.28557417004607444,0.3063317693647791,-0.005674905295730854,-0.01976682966494042,0.12215033424555834,-0.02088906528713467,-0.013621668848726483
2022-07-01,0.26564842656902643,-0.28497053440227066,0.5734361097460887,-0.3628744458665653,-0.23503695493159085,0.06789228291059217,-0.16849372653408093,-0.012400962791785045
2022-08-01,0.05025572912848514,-0.0018807096937454718,0.5144116819882002,0.3452329915397021,-0.07518020499011745,0.02605426686664,-0.22949826744225646,-0.14691257642375097
2022-09-01,0.09279200888198355,-0.35324387772138727,0.39565028225789306,0.41361460272146733,0.02675913881672465,-0.05926694324676027,-0.2829607408325951,-0.014525976169992376
2022-10-01,0.045592208271441254,-0.29636877913807713,0.35857599778253524,0.28716940052655276,0.09186039476290993,0.060646807946634636,-0.12376126371793918,-0.014777738531982457
2022-11-01,-0.0005093744497887952,-0.09691625140434088,0.15507489442825317,0.5490188087735858,0.040927978799394936,0.11122890133807001,-0.18146119273460662,-0.06313453152499816
2022-12-01,0.05298424107225045,-0.19222354126531024,0.26920721179149193,0.3651827573776245,-0.21545388128446494,0.2541156366784522,-0.16533092738271832,-0.006033390484474323
