,mgu500GLB_cluster1,mgu500GLB_cluster2,mgu500GLB_cluster3,mgu500GLB_cluster4,mgu500GLB_cluster5,mgu500GLB_cluster6,mgu500GLB_cluster7,mgu500GLB_cluster8
1965-01-01,-0.2942726,0.23202857,-0.022159958,-0.4989273,1.4208508,-0.7980881,0.64557457,-1.1982727
1965-02-01,-0.16587487,0.74236184,-0.24539033,-1.179697,1.3051621,-1.0392414,1.1523231,-0.84827423
1965-03-01,-1.0464112,0.20107003,-0.12970161,-0.43212128,1.0705261,-0.010102463,0.85153276,-0.30795974
1965-04-01,-0.7778832,0.4187599,-0.23430976,0.045949556,1.5821632,-0.8890091,-0.2186676,-0.404747
1965-05-01,-1.5596771,-0.036173247,-0.8762997,0.9134506,0.91670954,-0.60092866,0.4904541,0.119925305
1965-06-01,-1.4443146,0.23333283,-0.26331368,0.8349129,0.28319246,-0.29785728,1.2745292,-0.20693588
1965-07-01,-1.7842106,0.18477555,-1.0086086,0.9082363,0.437661,-0.31545487,0.76028556,0.17988777
1965-08-01,-1.8985955,-0.10917091,-1.1037662,1.0053494,0.32946777,-1.0056757,0.7759277,-0.3379406
1965-09-01,-1.8135399,0.27308998,-0.34478456,0.7902668,-0.048882294,-0.64133817,1.3947804,0.04986038
1965-10-01,-1.3605621,-0.1678299,0.21149826,0.75930786,0.39529648,-0.5223907,1.3195012,-0.009776687
1965-11-01,-0.85022926,-0.14958039,0.35879707,0.0778862,0.92616004,-0.32946777,0.8883575,-0.5165249
1965-12-01,-0.5380329,0.32457963,0.33077127,0.07951546,1.4948261,-1.1855628,0.47481173,-0.73747367
1966-01-01,0.41061553,-0.048577882,0.45328522,-0.22188339,1.399244,-0.44934654,-0.053173255,-2.1105182
1966-02-01,-0.38205987,-0.5563496,0.22582206,-0.58260804,0.89935,-1.4392884,0.49398595,-0.8931133
1966-03-01,-0.6948627,0.4657585,-0.27604142,-0.80285037,1.5928997,-1.123531,0.796286,-0.42177543
1966-04-01,-0.8881901,0.5494568,-0.041685484,0.07647781,1.0697014,-0.52582437,0.02494545,-0.21302108
1966-05-01,-1.9401668,-0.097156145,-0.51171076,0.50055045,0.8409252,0.1345745,0.8366581,-0.0922329
1966-06-01,-1.6434475,-0.00787735,-1.300119,0.6640091,0.040700532,-0.97845346,0.76018065,0.01411438
1966-07-01,-1.3079964,0.0039382936,-0.53764075,1.1596363,0.27768248,-0.60164547,0.80777395,-0.26685104
1966-08-01,-1.7136886,0.5425636,-0.8396118,1.1195923,0.2635681,-0.43490466,0.8826103,-0.24748535
1966-09-01,-1.903405,0.25667572,-0.3915783,0.49562722,0.44245377,-0.5770283,0.62265205,-0.07647781
1966-10-01,-1.3900535,0.36597633,0.26685065,0.98206365,0.874733,-1.1212333,0.78414154,0.10569
1966-11-01,-1.2144505,0.0022975921,0.3193676,0.5780128,1.1228745,-0.92166936,0.09321709,-0.40142554
1966-12-01,-0.48578033,0.52943456,0.024617005,-0.3068947,1.5797703,-0.7926754,0.29048365,-0.84453547
1967-01-01,-0.6132496,0.42352754,0.14008752,-0.4388752,2.641415,-0.7291727,1.1804574,-0.97408104
1967-02-01,0.13682175,0.5998615,0.04310379,-1.1141685,1.9831021,-1.2506638,1.5817795,-0.721336
1967-03-01,-0.29127732,0.47740746,-0.071186446,-0.509082,1.7378677,-0.9796322,0.29780808,-0.7709705
1967-04-01,-0.43528327,0.2965023,-0.1978859,-0.4666317,1.393364,-0.540757,0.942733,0.19070168
1967-05-01,-1.0841262,-0.01567421,-0.47283593,0.5214909,0.60345304,-0.7680319,0.98289794,-0.036899567
1967-06-01,-1.0325325,-0.13453598,-0.7660721,0.85228,0.2377243,-0.09469776,1.4606316,0.40915984
1967-07-01,-1.5164707,-0.16751747,-0.73341787,1.121679,0.11657639,-0.028082848,0.77880746,-0.13518944
1967-08-01,-0.7216625,0.3964241,-0.7997063,0.55610466,-0.5139805,-0.56132925,0.58353424,-0.0976368
1967-09-01,-1.5536969,0.29813462,-0.42124215,0.39773065,0.059431076,-1.2425003,0.7343979,-0.019592285
1967-10-01,-1.5491253,0.18874244,0.12963791,0.6233727,1.2007027,-1.293441,1.1654358,-0.30303305
1967-11-01,-1.0664933,0.20409012,0.22890739,0.14629173,1.4305897,-0.6148823,0.8317078,-0.3827099
1967-12-01,-0.019919205,-0.0062042237,-0.5028782,-0.39511833,1.941631,-0.6207603,-0.4823057,-0.8261566
1968-01-01,-0.3905693,0.39202768,-0.19692612,-1.2136452,2.0152059,-0.70783806,0.98426324,-0.95545423
1968-02-01,0.34243163,0.46022302,0.5546738,-0.2527218,1.5950981,-0.41500244,0.0131286625,-1.056105
1968-03-01,-0.888718,0.15425797,-0.15717545,-0.43250734,1.1593087,-1.2056224,1.5710293,-0.5368042
1968-04-01,-1.0232842,0.04850235,-0.09627533,-0.29976463,1.1078892,-0.40369758,0.52039415,-0.27277833
1968-05-01,-1.1899414,-0.17613907,-0.40442657,0.37415886,0.76800996,-0.18379745,0.4281311,0.39385146
1968-06-01,-1.0819969,-0.23120499,-0.844957,0.76253927,0.13493042,-0.888718,1.4167706,0.09992142
1968-07-01,-1.6921017,0.6071876,-0.55540353,0.42667237,-0.044125367,-0.013857651,0.5685318,0.05506592
1968-08-01,-1.7241932,0.73993,-0.63453865,0.1801506,-0.03209152,-0.31143418,0.80411303,0.24980393
1968-09-01,-1.6016617,0.08059387,-0.46095198,0.20604248,0.18780823,-0.86100274,0.7191433,-0.16264573
1968-10-01,-1.36608,0.22172317,0.12362518,0.6553246,1.1892116,-1.0984077,1.1093479,0.13420105
1968-11-01,-0.6130222,-0.10247421,0.03610306,-0.045584105,0.7774914,-0.72461355,0.68851054,-0.87084883
1968-12-01,-1.1403458,0.19327888,-0.37707597,-0.33914948,1.8919449,-1.175719,0.42448387,-0.58020175
1969-01-01,-0.2816368,0.7696083,0.2723484,-0.46309203,1.428088,-0.8966602,0.9145733,-1.6184998
1969-02-01,0.44086647,0.35859758,0.014927673,-0.672744,0.8333004,-1.0290191,0.118758395,-1.80858
1969-03-01,-0.54337007,-0.22524337,0.18576774,-0.31713182,0.6939747,-1.1630375,0.61203766,-1.2068256
1969-04-01,-0.62364846,0.28296393,-0.113119125,0.14496498,1.4808323,-0.40769348,1.1421385,-0.6611336
1969-05-01,-0.84159315,0.018576812,-0.43257293,0.5002453,0.6246433,-0.4050396,0.7795601,-0.2060028
1969-06-01,-2.0099387,0.116436385,-0.91855395,0.8226849,0.22623825,-0.35461712,1.2781467,-0.13634034
1969-07-01,-1.691148,0.51815873,-0.42461127,0.68335915,0.5188221,-0.75766623,0.50522155,-0.21462822
1969-08-01,-1.5853268,0.42228928,-0.9178909,0.14463349,-0.36987686,-1.0024811,0.75368536,-0.083595276
1969-09-01,-2.1121106,0.066013716,-0.47967833,0.48200035,-0.09222031,-1.1978691,1.6569802,-0.054403685
1969-10-01,-1.7322823,0.41864014,-0.012605667,0.34466514,0.9238617,-1.2051668,0.8571846,0.011278534
1969-11-01,-1.3882809,0.24315682,0.009951782,-0.055067062,0.87045366,-1.1481098,0.25012264,-0.3599251
1969-12-01,-0.7221714,0.2060028,-0.51052934,-0.001990509,1.2154503,-0.452145,0.9285061,-0.753022
1970-01-01,0.18303642,-0.64362335,0.13944054,-0.5740696,1.1717675,-0.83730924,-0.1634018,-1.2949005
1970-02-01,-0.6605961,0.45193404,-0.30483896,-1.0958904,1.3947395,-0.46857375,0.17871018,-1.2849175
1970-03-01,-0.68622094,0.4915367,-0.17205429,-0.44128457,1.4483192,-0.44927177,0.19967651,-0.52115554
1970-04-01,-0.67756844,0.21731491,-0.2073307,0.038936995,1.1601197,-0.7161728,0.40234795,-0.49053842
1970-05-01,-1.4696182,-0.0692215,-0.48887444,0.6612614,0.45359802,-0.8336487,1.3934082,0.06090088
1970-06-01,-1.3145363,0.03494339,-0.9338196,0.69254416,-0.18769607,-0.7141758,1.2246815,0.06722488
1970-07-01,-1.3158672,0.24460296,-0.82233393,1.1797546,-0.16173783,-0.2735567,0.85594594,-0.08386383
1970-08-01,-1.710561,0.6779011,-0.6795651,0.77973634,-0.4426155,-0.5511068,0.6812294,-0.06522751
1970-09-01,-1.4376698,0.9098587,-0.5264801,0.4835495,0.12879181,-0.82399786,0.5371292,0.16672973
1970-10-01,-0.8429672,0.18370208,-0.26457137,0.53446734,0.379718,-1.2659483,1.1764266,-0.15541497
1970-11-01,-1.325518,0.04126663,-0.26290703,-0.10948906,0.9388111,-0.7890543,1.3398281,-0.020300293
1970-12-01,0.08353157,0.54245454,-0.18736267,-0.9141846,1.2117023,-1.1707691,1.254966,-1.097887
1971-01-01,-0.17931557,0.46347657,-0.22700195,-0.26489028,1.3202053,-1.0321248,-0.17833558,-0.61731565
1971-02-01,-0.7463306,0.38835296,-0.5595032,-1.1702858,1.7791088,-1.2633731,0.7509037,-0.40762407
1971-03-01,-0.4866665,0.48731956,0.041481018,-0.030049134,1.4263569,-1.1039814,0.3070244,-0.52782094
1971-04-01,-1.0246124,0.2286354,-0.31617013,-0.30963746,1.1954358,-0.9432837,1.4469345,0.11007156
1971-05-01,-1.8480259,0.15612487,-0.18421479,0.087861255,1.0788319,-0.26423702,0.7770332,-0.00065345765
1971-06-01,-0.8430107,-0.022863388,-0.3511181,0.6375656,0.025803376,-0.5196554,0.45596427,0.085574724
1971-07-01,-1.7111714,0.09961967,-0.7659279,0.809042,0.10876465,0.08002205,0.68100625,0.048013307
1971-08-01,-1.4132923,-0.18682747,-0.82047385,0.71268845,-0.5235752,0.0163311,0.6440983,0.13652802
1971-09-01,-0.9801922,0.17049675,-0.41513595,1.0997353,0.41121674,-0.46968213,0.8276596,0.25672454
1971-10-01,-0.5712616,-0.20087242,-0.08198204,0.19629936,0.74927026,-0.31355706,1.4172119,-0.19140014
1971-11-01,-0.9240128,0.18192825,-0.07120361,-0.31518975,0.93348503,-0.46510926,0.8805725,-0.31421012
1971-12-01,-0.63789254,0.24921227,-0.06140442,-0.06989708,1.1653866,-0.7884647,1.3182455,-1.6879814
1972-01-01,0.059391785,0.75000155,0.16096039,-0.97236216,1.8451641,-0.70352095,1.1717697,-1.4360203
1972-02-01,-0.32995492,0.6016655,-0.0063121794,-1.0406482,0.98613435,-0.94166183,0.051932145,-0.44156533
1972-03-01,-0.2576519,0.6599094,-0.3586464,-0.17588043,1.552509,-1.1404957,0.8957554,-0.51386833
1972-04-01,-0.83837205,0.51989365,0.07890205,0.1345642,1.5252514,-0.3207735,-0.40369242,-0.0017215728
1972-05-01,-1.2039039,0.12280045,-0.48202094,0.29724616,1.057003,-0.60281295,1.3932695,0.002008438
1972-06-01,-1.9206232,0.0507843,-0.72991717,1.1691875,0.5503071,-0.838085,1.8181938,0.08636208
1972-07-01,-2.1008072,-0.18506165,-0.4484516,1.0750786,0.12079201,-0.33052844,0.42377663,0.4455822
1972-08-01,-2.192047,-0.047341157,-0.661631,0.34286577,0.25219995,-0.65044117,0.7873009,-0.048776247
1972-09-01,-1.3442066,0.13226852,-0.19711228,0.6733944,0.38274726,-0.64958036,0.9815437,-0.124522015
1972-10-01,-0.97064054,-0.014632797,0.039881516,0.3070015,0.41574287,-1.1037703,0.048775863,0.31733018
1972-11-01,-0.47886467,0.19682503,0.12308731,-0.15378761,1.1376263,-0.94711363,0.99015105,-0.6794197
1972-12-01,-0.50755656,0.4447216,-0.14058952,-0.25650367,1.4320034,-1.0386398,0.9649021,-1.2466549
1973-01-01,-0.014016342,0.700819,-0.5934666,-1.0384865,2.3187556,-1.0413536,0.6574955,-0.684573
1973-02-01,0.47241592,1.171642,-0.2596218,-0.77408636,1.7682941,-1.1397865,1.2570146,-1.2445908
1973-03-01,-1.0760761,0.55746955,-0.16055146,-0.9537514,1.8622677,-0.79638517,1.0028083,-0.56989324
1973-04-01,-0.886536,0.2003704,-0.34021568,0.021024704,1.4452797,-0.809446,1.1780132,-0.16023254
1973-05-01,-1.0222404,-0.28064615,-0.30931586,0.30581206,0.63264847,-0.65462875,1.4092834,0.030899812
1973-06-01,-1.0830841,-0.019113159,-0.67501605,0.95088387,-0.0028671264,-0.5555584,1.3054348,0.22458076
1973-07-01,-1.2206993,-0.06657753,-0.40105933,0.9011898,0.056383897,-0.3367117,0.84799117,-0.07868309
1973-08-01,-1.2273891,0.32906646,-0.8432129,0.8900402,-0.24273834,-0.15386161,0.7253475,0.07167435
1973-09-01,-1.3306007,0.16341858,-0.52211034,0.35486946,0.43068543,-0.86105174,0.27077064,0.13188133
1973-10-01,-0.58932495,0.07709007,0.026440049,0.8938629,0.19877777,-0.8843063,1.149025,0.12232475
1973-11-01,-0.037589263,0.08154984,-0.30007783,0.04650917,1.6345012,-1.2688011,1.441139,-0.43323365
1973-12-01,-0.3319336,0.2876545,-0.51573944,-0.5928291,1.3044792,-0.9782799,0.13825226,-0.9798729
1974-01-01,-0.10288811,0.65545845,-0.09368362,-1.5452919,2.3253334,-0.94341356,1.6458782,-0.52002794
1974-02-01,0.12918548,0.8290207,-0.37342072,-0.4884712,2.0449395,-1.190279,0.9010094,-0.8053528
1974-03-01,-0.6133831,0.77445334,-0.08776703,-0.21432228,1.7221406,-0.41418153,0.41549626,-0.25376892
1974-04-01,-0.9618214,0.45592803,-0.84151155,0.36848983,1.2034271,-0.70542336,0.98220176,0.16632995
1974-05-01,-1.3036858,-0.56144637,-0.3885418,0.26165733,1.0019249,-0.31622428,1.1449162,0.17257576
1974-06-01,-1.7086632,0.030241394,-0.71561354,0.12787056,0.47039184,-0.12787037,1.2796891,0.09795685
1974-07-01,-1.7487663,0.47663727,-0.6432964,0.60286444,0.003944397,-0.78694475,0.3316738,0.22319794
1974-08-01,-2.0781395,0.44409484,-0.82836306,0.62686044,-0.8546608,-0.46809062,0.8477577,0.12787095
1974-09-01,-1.7083347,0.3204975,-0.7721523,0.118666075,-0.06640015,-1.2596378,1.3520069,0.08053513
1974-10-01,-0.67813987,-0.26527327,-0.099600986,0.73928106,0.28959885,0.2005165,0.8221172,-0.08480835
1974-11-01,-0.3487671,-0.12622681,-0.22615662,0.7396099,0.8408543,-1.2405723,1.5245825,0.101573184
1974-12-01,-0.11307831,0.51246756,0.0558815,-0.6712372,1.93975,-1.0702976,1.5860523,-1.2612813
1975-01-01,0.17196313,0.5409077,-0.20014878,-0.5573761,1.79057,-0.82402956,1.3136337,-1.6752945
1975-02-01,-0.31985778,1.094167,-0.07410584,-1.0647144,1.7950035,-1.0371624,0.72807235,-0.72395515
1975-03-01,-0.41201478,0.26348647,-0.2736206,-0.40663108,2.0094032,-0.864566,0.49087086,-0.3550106
1975-04-01,-0.51937294,0.8233959,0.009500885,-0.010450745,1.0795994,-0.837014,0.50227165,-0.44495088
1975-05-01,-1.1046177,-0.21439973,-0.09785767,0.4243656,0.8313133,-0.27932128,1.2920986,-0.028502274
1975-06-01,-1.741483,-0.16657944,-0.41581497,0.5361576,-0.1681633,0.37306175,0.70590365,0.10989151
1975-07-01,-1.4434769,0.35532683,-0.63559836,0.35374337,0.41264877,-0.82244605,0.79711074,0.21598282
1975-08-01,-1.2829144,0.091207124,-0.40568084,0.67771834,-0.48833734,-0.67265147,0.50955546,0.022485351
1975-09-01,-1.0507805,0.46933594,-0.46711922,0.82244605,0.14662781,-0.41549835,0.9909256,0.07220574
1975-10-01,-0.61944693,0.0870903,-0.563393,0.29832307,0.0832901,-1.2525123,1.7398994,0.21756668
1975-11-01,-1.1058842,0.22105026,-0.15201187,0.04687004,0.93518794,-0.8430311,1.684795,-0.07030525
1975-12-01,-0.66378367,0.31352386,0.10007439,-0.19159774,0.7369396,-1.0457134,1.5511516,-0.4088478
1976-01-01,0.24994354,0.5927326,-0.49282226,-0.7313282,1.8750798,-0.88270724,0.43025246,-1.0155838
1976-02-01,-0.15608826,0.6455471,-0.12042999,-0.39156684,2.1835563,-1.3529907,1.0297127,-0.8335926
1976-03-01,-0.092509076,1.1373603,-0.20385666,-0.35960922,2.2629464,-1.0956471,0.98564494,-0.33807945
1976-04-01,-1.0788269,0.38046533,-0.0006729126,0.13254051,1.5444008,-0.5113243,0.23211403,-0.28223723
1976-05-01,-1.309932,0.12480316,-0.18670082,-0.021865845,0.88237077,-0.24086075,1.1353416,0.32933313
1976-06-01,-1.7085629,-0.06761551,-0.40098572,0.8557949,0.38113862,-0.6886055,1.2466888,0.20251083
1976-07-01,-1.540028,-0.044741057,-0.1745903,1.1861378,-0.106637575,-0.14700584,0.38315696,0.33707047
1976-08-01,-1.7213463,-0.40535888,-0.35220832,0.9486408,-0.053487398,-0.29771176,0.6775047,0.13489608
1976-09-01,-2.182547,-0.05987854,0.011437988,0.5059414,0.46389237,-0.30679455,0.73570174,0.43193397
1976-10-01,-1.7425392,-0.09755516,-0.099909976,0.35523567,0.80668145,-0.91130084,0.79658926,0.18400955
1976-11-01,-1.5592022,-0.04810486,0.2576805,0.1712265,1.1878197,-0.5574104,0.97286147,0.061897278
1976-12-01,-0.50695115,0.65362054,0.39022103,-0.079726025,1.2211231,-1.0906006,0.7834698,-0.8759788
1977-01-01,-0.07005882,-0.07041283,-0.031137848,-0.5951462,1.1120964,-0.6606056,0.55834806,-1.5731407
1977-02-01,-1.0112537,0.82796824,-0.018045807,-0.21760711,1.1389873,-1.1779091,0.35206336,-0.5219032
1977-03-01,-0.54384077,0.58913153,0.18894653,-0.02193756,1.3675636,-0.7136806,1.1772015,-1.040622
1977-04-01,-1.137572,0.50491905,-0.40195388,-0.55127144,1.1269577,-0.19319268,0.45785943,0.26254386
1977-05-01,-1.4280685,-0.01096878,-0.26502076,0.52473414,0.83256876,-0.57533187,0.7802013,0.34569472
1977-06-01,-1.4970665,-0.3011116,-0.3004036,0.51730347,0.28058928,-0.51128805,0.91571885,-0.3736473
1977-07-01,-1.7412113,0.25475997,-0.6015156,1.0105461,-0.024414062,-0.96207124,0.29686585,-0.04599762
1977-08-01,-1.9984471,0.6372528,-0.63937604,0.4893505,-0.8024925,0.033260345,0.48722762,-0.027599335
1977-09-01,-2.4885051,0.3793091,-0.30995712,1.2189537,-0.0014152527,-0.76038665,0.43026048,-0.025829315
1977-10-01,-1.9354652,0.06192093,0.17585449,0.387801,0.26112825,-0.57179374,1.2645981,-0.052013397
1977-11-01,-1.0770668,0.17833176,-0.18576202,0.846014,1.366856,-1.0480525,0.9111191,-0.22680703
1977-12-01,-0.8290302,0.56294787,0.11853409,-0.7667557,1.0367302,-0.7986004,1.4574372,-1.1708329
1978-01-01,0.19724426,0.6968166,-0.39992982,-0.9375908,1.560611,-0.8896397,0.5992149,-0.7128002
1978-02-01,0.3390564,-0.22547074,0.060533524,-0.3251129,1.0249904,-0.7682327,0.09692173,-1.7772392
1978-03-01,-0.37510413,0.28600463,-0.45978317,-0.44277954,1.4891949,-0.56044614,0.08807983,-0.40094987
1978-04-01,-1.2905899,0.56622773,0.008161927,-0.1441925,1.1555798,-0.5121552,0.5043335,-0.3910881
1978-05-01,-1.4449848,0.04182892,-0.18126068,0.7267437,0.5352806,-0.92976874,0.7719738,0.19758454
1978-06-01,-1.8690605,0.41115266,-0.4890297,1.0532166,0.02822647,-0.4523018,1.5408859,0.4023102
1978-07-01,-1.7071838,-0.24281463,0.1931633,1.1708832,-0.64818573,-0.7015778,0.3546997,0.08535919
1978-08-01,-1.6942608,0.21288757,-0.18160096,1.2290363,-0.23703384,-0.1373909,0.4856289,0.10916443
1978-09-01,-1.4085964,0.19316407,-0.32443276,0.88555944,0.2037056,-0.3390564,0.048970796,0.25403672
1978-10-01,-1.5677525,-0.03978882,-0.26832047,0.60091555,0.8379482,-0.95017356,0.9406517,-0.07719727
1978-11-01,-0.9097042,-0.0537323,-0.13024902,0.11936684,1.1011673,-1.0195491,2.4988818,-0.14385262
1978-12-01,-0.6427444,0.3754444,0.14929351,-0.23193245,1.1668026,-0.67539215,1.0617187,-0.90562326
1979-01-01,-0.15965843,0.76231843,0.42010728,-0.2797745,0.811375,-0.7492363,0.08324833,-1.381033
1979-02-01,-0.13854904,-0.346373,0.014568711,-0.21109429,1.0976906,-0.65290606,0.31753388,-0.7426952
1979-03-01,-0.3321022,0.5654949,-0.1926609,-0.6552845,1.3623021,-1.0025494,0.5791718,-1.0117664
1979-04-01,-0.7370464,0.09008674,-0.3190201,-0.7412087,1.0073063,-0.5860098,0.58868563,-0.10138474
1979-05-01,-0.96479034,0.21406746,-0.20574264,0.090681456,0.8919479,-0.987089,1.1051233,0.045786668
1979-06-01,-1.5609089,0.45251465,-0.40821496,1.0037388,0.17571335,-0.1724432,1.3738972,0.08205948
1979-07-01,-1.7633808,0.3014782,-0.5265465,1.0340652,-0.044894792,-0.2116888,0.6041458,-0.080869675
1979-08-01,-2.325903,0.22447357,-0.2319065,1.0242538,-0.35231933,-0.98084545,0.61484945,0.094546124
1979-09-01,-1.4125481,0.31931725,-0.11387215,0.81613237,-0.06154404,-0.6047409,0.776292,-0.093357466
1979-10-01,-1.3441654,0.35321158,-0.081761934,0.6002811,0.52149236,-0.81494313,0.7498306,0.03240738
1979-11-01,-1.2139412,0.40494424,-0.17155151,1.1214756,1.3929253,-1.1494234,0.25242138,-0.46827278
1979-12-01,-0.20039101,0.6053356,0.0038650513,-0.4150532,1.3504093,-1.210968,0.95141107,-0.49949113
1980-01-01,0.12728882,0.59356576,-0.2552536,-1.0622066,1.8769249,-0.33865014,0.17962304,-0.52705157
1980-02-01,-0.13302918,0.26470757,-0.05165863,-1.0054833,1.7422078,-0.90486753,0.94977343,-0.8960888
1980-03-01,0.03545189,0.38186723,-0.13910599,0.0975769,1.525782,-0.68033904,1.276606,-0.56047744
1980-04-01,-0.6695343,0.13775559,-0.4433174,0.19245338,1.244868,-0.87076604,1.1432396,0.14957313
1980-05-01,-1.2658017,0.32852095,-0.579723,-0.08407173,0.91465914,-0.27584952,0.5689186,0.30589905
1980-06-01,-1.7432206,0.18097381,-0.634758,1.0010941,0.032075502,-0.6783129,1.3917401,0.024984742
1980-07-01,-2.09909,0.06752701,-0.8062771,0.77656555,-0.10162888,-0.42744866,0.8927124,0.192453
1980-08-01,-1.53321,0.22655487,-0.4851845,0.78703195,-0.26740876,-0.33324775,0.629018,-0.012492371
1980-09-01,-1.495395,0.27010956,-0.68979263,0.66446954,0.57904816,0.019245338,0.80323905,0.062125396
1980-10-01,-1.2911243,0.22351608,-0.29340667,0.5084812,0.7603588,-1.1084627,1.2509457,0.024647523
1980-11-01,-0.7566444,-0.451083,0.03545227,0.11716004,0.7019478,-1.2080654,0.65434074,-0.36532363
1980-12-01,-0.71781653,0.20055619,-0.7856811,0.23161927,1.705405,-0.71140134,0.5439333,-0.5412323
1981-01-01,-0.8801907,0.59535825,-0.28556594,-0.43605804,2.437592,-1.2101704,1.2597221,-0.64234084
1981-02-01,0.324107,0.68712157,-0.44082946,-0.64931524,1.8125026,-0.5762714,1.2131065,-1.2031959
1981-03-01,0.16260414,-0.44082946,0.042945098,-0.09947052,1.5203289,-0.95029753,0.7642021,-0.8985432
1981-04-01,-0.95360106,0.13140412,-0.23784943,-0.1853611,0.26170808,-0.5553497,1.3210201,-0.72492754
1981-05-01,-1.5537307,0.062031556,-0.647847,0.6324307,0.7825554,-0.6357338,1.2659622,0.13874587
1981-06-01,-1.8095661,0.060196687,-0.69593084,0.9642456,0.5498444,-0.3655838,1.43554,0.17508316
1981-07-01,-1.788277,1.0391243,-0.6375694,0.98480034,-0.45330963,-0.0036705018,0.7961357,0.10791321
1981-08-01,-1.8925202,0.34209213,-0.751355,0.7337368,0.043679047,0.11452027,0.45330924,-0.07781525
1981-09-01,-2.0132802,0.7319015,-0.28446501,0.6709709,0.2613411,-1.0071907,0.65335274,-0.1420494
1981-10-01,-1.7218411,0.05799408,-0.10571136,0.40816194,0.88899994,-0.7520893,0.53846514,-0.039274596
1981-11-01,-1.2806442,0.013948059,-0.33181533,0.119291686,1.743864,-1.217144,1.6120923,-0.14425202
1981-12-01,0.12039299,0.20885277,-0.1486557,0.009176636,1.0794998,-1.0897774,0.6562889,-0.6217865
1982-01-01,-0.48335916,0.73506814,-0.0006469727,-0.46556473,1.7891401,-1.1857502,-0.020058822,-0.6580669
1982-02-01,0.22129707,1.2588692,0.1355606,-1.1113373,1.9774368,-0.99357146,0.6467434,-0.9343651
1982-03-01,-0.440329,0.8654522,-0.08282471,-0.43062288,2.0240254,-1.1472496,1.3552818,-0.9220703
1982-04-01,-0.82598114,0.49144745,0.257209,-0.12003098,1.4685189,-0.6257137,-0.23650321,-0.24782677
1982-05-01,-1.525137,0.2814743,-0.24297372,0.32126886,0.83342206,-0.23973846,0.78942144,-0.0016178131
1982-06-01,-1.9560837,0.26368028,-0.55388945,0.70595014,0.6185959,-0.3869461,1.1951329,0.105148315
1982-07-01,-1.7402866,-0.21126747,-0.60565454,0.6105076,0.63897896,-0.93760014,0.7502743,0.33388633
1982-08-01,-1.5950203,0.51474226,-0.6027428,0.43547592,-0.22356185,-0.8583342,0.5267124,0.1666195
1982-09-01,-1.6079617,0.15917854,-0.3672104,0.6033901,0.3096218,-0.8673933,1.2025741,0.15497246
1982-10-01,-1.2711632,0.08153038,-0.30703315,0.26335603,0.5771839,-1.5739905,0.990983,0.1294136
1982-11-01,0.03235321,-0.061795045,-0.066324614,0.24879761,1.3416935,-1.4662536,0.7797159,0.035588454
1982-12-01,-0.8444225,0.12682533,-0.62733155,-0.4662117,1.5824025,-0.77356833,0.94407046,-0.7182442
1983-01-01,0.82839966,0.43892822,-0.03253708,-1.0529076,1.7618952,-0.5199463,0.9123459,-1.5123341
1983-02-01,0.21962662,0.524176,-0.048480608,-0.91494906,1.7339131,-0.67482376,-0.5433731,-1.2546387
1983-03-01,0.3618149,0.09631042,-0.011062622,-0.33188057,1.8191608,-1.1615818,0.8521519,-0.44185677
1983-04-01,-0.4815525,0.5440239,-0.06865387,-0.8485729,0.9344715,-0.9979191,0.015292359,0.3426178
1983-05-01,-0.9865311,0.15129852,0.14414024,0.13600579,-0.06702652,-0.5619192,0.71809804,0.28893167
1983-06-01,-1.6011608,0.051409148,-0.4698391,0.46821213,0.41452485,-0.041973114,1.1934688,-0.041973114
1983-07-01,-2.2096086,-0.4818779,-0.72558177,0.5430477,0.35725936,-0.054662324,0.77015764,0.4535698
1983-08-01,-2.2480025,0.328952,-0.37645644,0.7128922,-0.0006507874,-1.3297997,0.23752251,-0.15520325
1983-09-01,-1.8373814,0.35465622,-0.35660896,0.5420715,0.5970596,-0.19717598,0.85996133,-0.18741532
1983-10-01,-1.6408565,-0.19034347,-0.39370117,0.52254903,0.55378497,-0.51669234,1.9229549,0.12201462
1983-11-01,-0.5967342,0.06051941,0.03448982,0.3113819,1.1309967,-0.3618149,1.1736206,-0.44185677
1983-12-01,-0.51474,0.5319847,-0.53491366,-0.3910984,1.2022537,-0.709964,0.14479104,-0.6601814
1984-01-01,-0.90159,0.6649483,-0.58157045,-1.1108997,1.8260132,-0.6500721,0.11036339,-0.12039642
1984-02-01,-0.730336,0.5317513,-0.596447,-0.76493263,1.8204777,-0.91404456,0.6812088,-0.06227417
1984-03-01,-0.011071014,0.42242584,0.09410248,0.34285355,1.6865883,-1.201197,1.3492708,-0.5525093
1984-04-01,-1.132695,0.3708771,-0.42346343,0.114515305,1.6163574,-0.7251465,1.0147207,0.15533905
1984-05-01,-1.0136833,-0.5926415,-0.084416196,0.20412064,0.48954314,-1.1942775,1.2243767,0.22107315
1984-06-01,-0.75178605,0.006573486,-0.303413,0.5936791,-0.29130402,-0.9548687,0.38402328,0.052933503
1984-07-01,-0.78257674,0.26847,-1.0545067,1.0489715,0.47397462,-1.1320035,0.594025,0.057430267
1984-08-01,-1.7367535,0.82893676,-0.6386547,0.717881,-0.13215943,-0.8137142,0.6697918,0.014530945
1984-09-01,-1.8841355,0.10863342,-0.047052003,0.15672302,0.39786226,-0.8707987,0.32313308,-0.09064331
1984-10-01,-1.448563,0.06711731,-0.280233,0.53313446,1.0088398,-1.189434,1.1883965,-0.017990876
1984-11-01,-0.8133682,0.24736634,-0.05743103,0.6922798,1.0545075,-1.472435,1.1371931,-0.41516
1984-12-01,-0.6033665,0.6082096,-0.06815567,-0.070231244,1.8595718,-1.3783321,1.452369,-0.9150826
1985-01-01,0.005276489,1.1643474,-0.049951173,-0.68594515,1.8780819,-0.71971476,0.82489264,-0.6117218
1985-02-01,-0.18573304,0.74222755,-0.9335888,-1.3539498,1.0989189,-0.77564543,2.3614097,-0.34156495
1985-03-01,0.23392487,1.0482651,-0.34824905,-0.36196822,1.5242054,-0.84494364,1.6934048,-1.0880146
1985-04-01,-0.16884843,0.2096527,-0.26312104,0.36829948,1.0595211,-1.2308315,0.21176377,0.5575501
1985-05-01,-1.8172268,0.010201263,-0.037639618,0.75418776,0.66800535,-1.1045471,0.6599144,0.17904893
1985-06-01,-1.5185769,0.014070129,-0.6155918,0.723584,0.31236878,-0.21422616,0.63036615,0.016884614
1985-07-01,-1.5804878,0.2715637,-0.58182144,0.62121964,0.20578308,-0.35422897,0.40875244,0.047136687
1985-08-01,-1.6230514,0.5494598,-0.92831266,0.7021263,0.04115677,-0.47312602,1.0665566,0.09673615
1985-09-01,-1.8991883,0.17693862,-0.5783043,0.3194042,-0.074223325,-0.27719194,0.5582539,0.045729827
1985-10-01,-1.2881695,0.15548095,-0.07387085,0.66941226,0.35493317,-1.2832447,2.1549225,-0.039398193
1985-11-01,-0.7453934,-0.074222565,0.00738678,0.66096956,0.7626301,-1.1425381,0.22688942,-0.43619078
1985-12-01,-1.0208267,-0.14774208,0.084423825,0.071408845,1.479179,-0.7675549,1.3838501,-0.4344322
1986-01-01,0.6647335,0.45958558,-0.56981885,-0.82225835,1.9588989,-1.0230767,-0.103573225,-0.6687298
1986-02-01,-0.25377083,1.1256508,0.04396057,-0.43727225,2.1314106,-0.86555254,-0.57747877,-0.9151741
1986-03-01,-0.9934372,0.26009828,-0.23079224,-0.48656082,1.5965592,-0.9118439,0.7479919,-0.4196213
1986-04-01,-0.7976135,0.4865612,0.12888375,0.21047707,1.2948319,-0.82458913,0.28474313,-0.39464378
1986-05-01,-1.3101513,0.28074646,-0.30872115,0.90584946,1.3744266,-0.5904671,1.7500877,0.7266777
1986-06-01,-1.764075,-0.3317009,-0.15852356,1.245876,0.076931,-0.16418496,1.5056416,0.28041306
1986-07-01,-1.9845425,0.037965395,-0.3373623,0.5771462,-0.07326736,-0.2284607,0.37233084,0.29473343
1986-08-01,-2.0921123,-0.4669121,-0.35301512,0.72268105,0.2267952,-0.6770557,0.6930412,0.16884765
1986-09-01,-1.9858749,0.12122421,-0.3463543,0.49755135,0.05062027,-0.5851387,0.1075695,0.52585906
1986-10-01,-1.1143277,-0.15885696,-0.057281494,0.515535,0.47990036,-0.6194412,1.3184773,0.3899811
1986-11-01,-1.1902592,-0.20514831,-0.36000824,0.16318588,1.4133911,-1.2015823,1.3947414,-0.5851387
1986-12-01,0.08825378,0.716354,-0.2934021,-0.2904045,2.0801232,-0.52818984,0.8715469,-0.9088467
1987-01-01,-0.3271019,0.53116494,-0.267083,-0.26008072,1.8168976,-0.9569637,0.45814228,-1.1800334
1987-02-01,-0.3717823,0.8049164,-0.13504219,0.37678376,1.6958599,0.33410376,0.7942467,-1.3254116
1987-03-01,-0.4041252,0.6798779,-0.022340393,0.019005965,1.4587864,-0.24440917,0.7715729,-0.5968521
1987-04-01,-0.0116703035,0.3220997,-0.07869072,-0.35544357,0.7222244,-0.59351766,1.0709994,-0.47381362
1987-05-01,-0.6618721,-0.14437827,-0.0020008087,0.08569336,-0.22173576,-0.07502327,0.7725731,0.37344933
1987-06-01,-2.078312,-0.045681,-0.625861,1.012648,0.03234329,-0.7192234,1.0906723,0.019339371
1987-07-01,-2.115657,-0.3354374,-0.5778465,0.40812683,0.20039597,-0.4147955,0.9116165,0.2814209
1987-08-01,-1.6785214,0.0686882,-0.63519704,0.6512024,-0.4214638,-1.054661,0.44647217,0.3584446
1987-09-01,-2.026296,0.4344681,-0.30109328,0.26374856,0.25774613,-0.84726316,1.1196811,0.4781479
1987-10-01,-2.004956,0.05768471,-0.109033965,0.38745347,0.8215885,-0.96096516,1.3450844,0.11070099
1987-11-01,-1.6321735,0.21906814,-0.08669357,0.28775597,1.1656955,-1.0880047,1.7988918,-0.0030006408
1987-12-01,0.02067337,0.20739785,0.019005965,-0.17472076,1.0679985,-0.86293447,1.4257759,-0.9309559
1988-01-01,-0.2692917,0.8862934,-0.19621277,-0.5242344,1.7615745,-1.1779423,0.40043372,-1.1429046
1988-02-01,-0.21056136,1.0514721,0.19788131,-0.55093,1.7932755,-0.41811943,0.39676324,-1.627095
1988-03-01,-0.9547008,0.82556075,-0.63969266,0.10911827,1.4749305,-0.5766247,1.2093098,-0.15950546
1988-04-01,-0.14048538,0.42712897,-0.3744053,-0.17886047,1.0718277,-1.3935093,0.43847466,-0.43213463
1988-05-01,-0.3216816,0.11445694,-0.6670559,0.697422,0.20522194,-0.5969799,1.3915069,0.0730793
1988-06-01,-0.7551514,0.22424316,-0.585968,1.2757152,-0.001334381,-0.8489195,1.1228828,-0.16484527
1988-07-01,-1.0174354,-0.06673889,-0.44781837,1.1695999,-0.22924805,-0.79552823,0.4678398,-0.073078915
1988-08-01,-1.7545669,0.54258764,-0.7337944,1.1562523,-0.8275627,-1.2550259,0.45983124,0.08709411
1988-09-01,-1.2390087,0.22524413,-0.24626693,0.8415779,-0.37841034,-1.0107613,0.7961952,0.07841797
1988-10-01,-0.7581547,-0.01368103,-0.09743881,0.16384391,0.31734353,-0.7648281,1.6955029,-0.38308144
1988-11-01,0.21189614,-0.040377043,-0.38942146,0.21556702,1.12622,-0.67606544,1.3481266,-0.82889783
1988-12-01,-0.46917495,0.39709663,-0.39075622,-0.20288658,1.7869354,-1.0194374,1.3007418,-0.85025406
1989-01-01,0.13866273,0.4654255,-0.9037212,-0.9407986,1.7130913,-0.294207,1.9331433,-0.66377413
1989-02-01,-0.017784882,0.62458646,-0.20528182,-1.4285305,1.8930521,-0.5070244,1.8734585,-0.7418472
1989-03-01,-0.23030129,0.6764347,0.08440361,-0.18357773,1.9183729,-0.80665743,0.08440361,-0.3147049
1989-04-01,-0.5154648,0.31349906,0.042804718,-0.20528145,1.0565522,-0.38252908,-0.23572731,-0.12419357
1989-05-01,-1.0686096,0.04973793,-0.36986846,0.6737213,0.4786892,-0.52209663,1.3435243,-0.19684143
1989-06-01,-0.94019586,-0.390065,-0.3436432,0.78103447,-0.0874176,-0.17664471,1.4565647,0.37619895
1989-07-01,-1.9391724,-0.2287941,-0.58600235,0.42985573,0.45577925,-0.4428173,0.8358971,0.33912125
1989-08-01,-2.2059484,0.2119133,-0.7138134,0.2951111,-0.029842759,-0.5778631,0.57394445,0.17996025
1989-09-01,-1.6986225,0.23421974,-0.45999947,0.19895133,0.54500616,-0.43678856,0.22999993,0.09887276
1989-10-01,-1.3221219,0.14861068,-0.025019836,0.22668418,0.45487517,-1.0725285,1.5843761,0.0084404
1989-11-01,-0.41086465,-0.18719521,0.14951476,-0.081991956,1.5069053,-0.5823847,1.3245335,0.30114022
1989-12-01,-0.47477037,-0.5739441,0.08289643,-0.14408913,1.600955,-0.7364212,0.3089775,-0.5465134
1990-01-01,-0.03480034,0.7527172,-0.2213684,-0.6943943,2.139894,-1.128431,1.7277687,-1.2927654
1990-02-01,0.8600178,0.7485279,0.32383615,-0.43145904,1.3365879,-0.6657162,0.095056534,-0.75851667
1990-03-01,-0.044466782,0.7430504,-0.30031356,-0.58483773,1.3758996,-1.0391748,1.1754757,-1.1403534
1990-04-01,-0.55809325,0.42855874,-0.079911806,0.18624572,0.88225096,-1.2466873,1.248621,-0.14725685
1990-05-01,-1.1429313,0.022556305,-0.095378876,0.7465946,0.61706007,-0.52844846,0.87645113,0.37345847
1990-06-01,-1.7651466,0.084423065,-0.4427368,0.7211388,0.13017884,0.11986752,0.8816067,0.023522187
1990-07-01,-1.6349682,0.35283622,-0.1298565,0.16497917,0.1678791,-0.062833786,0.26680183,0.08216743
1990-08-01,-1.7097244,0.11148987,-0.8796738,1.0117859,0.8861183,-0.19816819,0.8416508,0.013533401
1990-09-01,-2.0983272,0.13920136,-0.46045914,0.43887025,0.65250474,-0.7085722,0.3376915,0.08635636
1990-10-01,-1.7957585,0.26293564,-0.01772232,0.625116,0.7884838,-0.92285156,1.3688104,0.21750183
1990-11-01,-0.7021278,0.5023483,-0.17625694,0.21492386,1.2418541,-1.385244,0.76141703,0.3544472
1990-12-01,-0.41051406,0.45014802,-0.07089005,-0.15209007,1.059475,-1.0623748,1.0591526,-0.69632757
1991-01-01,-0.8846577,0.89525414,0.016376495,-0.541391,2.1729503,-1.2282455,0.91837424,-1.0760396
1991-02-01,-0.22991447,1.0564514,0.044634245,-0.51506007,2.521997,-0.792178,0.10981979,-0.7591038
1991-03-01,-0.44473726,1.0709015,0.013807679,-0.26555786,1.8515198,-0.84901464,0.43317717,-0.7074051
1991-04-01,-1.2889351,0.021192933,-0.37505645,0.30023766,1.4482052,-0.79570997,0.8702076,0.394965
1991-05-01,-1.1906754,-0.13229752,-0.39239654,0.48038024,0.45469132,-0.8197937,1.6514679,-0.09569053
1991-06-01,-1.7294979,0.028578948,-0.61364096,0.86731756,0.11816864,-0.65602744,1.0644795,-0.026652146
1991-07-01,-1.8300049,0.025046539,-0.93892515,0.8519043,0.36542282,-0.84580326,1.2683837,-0.019267272
1991-08-01,-1.8778503,0.55230904,-0.53625333,1.0021839,-0.24597016,-0.6913496,0.252071,0.32464218
1991-09-01,-1.9443203,-0.26587906,-0.33780783,0.68075293,0.57607114,-0.48519668,0.505106,0.2157856
1991-10-01,-1.9584491,0.20390472,-0.3098709,0.38051528,0.32881624,-0.987734,0.9854862,0.07321282
1991-11-01,-1.1078293,-0.16890374,0.0314682,-0.4553337,1.0461757,-0.71800154,0.7465803,-0.19106063
1991-12-01,-0.33234864,0.5041424,-0.16954651,-0.40170822,2.1170774,-0.7976368,1.5695851,-0.4415264
1992-01-01,0.26717377,0.036359023,0.085703656,-0.5586956,1.4468949,-0.7794468,1.2183517,-1.032986
1992-02-01,-0.008115768,0.22367287,-0.20614319,-1.0664234,1.6884224,-0.66972005,1.1131706,-0.94987947
1992-03-01,0.55155337,0.77165526,0.028567504,-0.32982826,1.9896828,-0.08635292,1.1300519,-0.95539856
1992-04-01,-0.5564228,0.40319556,-0.3993,-0.08375549,1.6212231,-0.50155985,0.28730124,-0.39118385
1992-05-01,-1.298212,-0.062654495,-0.34768373,0.5586952,1.1826423,-0.7401659,1.1670601,-0.17432861
1992-06-01,-1.6741383,0.13082734,-0.5414898,0.91449434,-0.14154053,-0.48467883,1.1985496,-0.054863356
1992-07-01,-1.0872002,0.22724381,-0.31781656,1.5498035,0.03506012,-0.37235546,1.061229,0.0074668885
1992-08-01,-1.7296509,0.23535995,-0.38923606,1.1430371,-0.49214554,-0.10063686,0.70997506,0.0074668885
1992-09-01,-1.4553353,0.010388183,-0.4746151,0.78204346,0.7447109,-0.33112678,0.5778488,0.20679168
1992-10-01,-1.372229,0.23178864,-0.11199875,-0.018828964,0.14478683,-0.7804205,0.54603463,0.15452576
1992-11-01,-1.5001347,-0.09122238,0.08959923,0.43403587,1.3105484,-0.81677973,1.3128204,0.15874596
1992-12-01,-0.32560807,0.26035652,-0.032788087,-0.04642258,2.0578563,-0.95604783,0.8385302,-1.0109107
1993-01-01,-0.27946395,0.7157005,-0.24600258,-0.7565979,2.2152631,-1.0298649,1.7533115,-1.1909752
1993-02-01,0.19828948,0.6940128,-0.1976696,0.07869606,2.1192167,-0.079005815,1.5293064,-0.98432046
1993-03-01,0.13043709,0.4985115,-0.4102108,-0.43592644,1.5032806,-0.55087245,0.99299586,-0.5350712
1993-04-01,-0.70175856,0.6404125,0.009294892,-0.15925102,1.6984718,-0.9338188,0.11804409,-0.3501045
1993-05-01,-1.159063,0.21192169,-0.30332032,0.15615273,0.8517143,-0.8148451,1.2919785,0.10720024
1993-06-01,-1.447512,-0.1939518,-0.76310384,0.7259247,0.41981584,-0.95643616,1.4100227,0.26459235
1993-07-01,-1.546347,0.348246,-1.0707623,1.1026745,0.6704658,-0.9022163,0.75628775,0.23360977
1993-08-01,-1.5884835,0.48642808,-0.6450596,0.41826668,0.4687683,-0.43902493,0.8300266,0.05019188
1993-09-01,-1.8400627,0.26861992,-0.49076614,0.922665,0.32624817,-1.2247463,0.73800814,0.06103592
1993-10-01,-1.1900456,0.21780853,0.01580124,0.38015786,0.66395915,-1.0794375,1.0345128,0.22245598
1993-11-01,-0.8328152,0.43220863,-0.05205078,0.9809124,0.6373142,-1.732243,1.3155258,-0.015491104
1993-12-01,-0.43716583,0.3485554,-0.09976463,-0.28504103,1.7192303,-1.3709847,0.86937463,-0.41361886
1994-01-01,0.049423598,0.65388757,-0.31930274,-0.44286194,1.3506958,-0.8792206,0.45001525,-0.98847276
1994-02-01,-0.27670747,0.5771511,-0.5530895,-0.8372753,1.2837139,-1.3097264,0.26597708,-1.0404975
1994-03-01,-0.1989952,1.0008285,-0.12518501,-0.4763527,2.003933,-0.48057976,0.90848446,-0.6324272
1994-04-01,-0.8489811,0.2168785,-0.3710022,0.28971368,1.7272255,-1.2596521,0.003251648,0.07218476
1994-05-01,-1.3903649,-0.05657692,-0.26597708,0.8167904,1.2076275,-0.90263176,1.4170275,0.22825928
1994-06-01,-1.6634953,-0.0,-0.3963646,1.17121,0.6369793,-0.9000303,1.2456707,-0.032515336
1994-07-01,-1.8433063,0.47537726,-0.42855492,1.2212842,0.32027778,-0.61616975,0.41392288,-0.1804615
1994-08-01,-1.5233532,0.64153177,-0.5150463,0.92734337,-0.78330004,-0.47440186,0.3979904,-0.23866424
1994-09-01,-2.2773888,0.7504589,-0.32515565,0.62429845,-0.080963895,-1.2459958,0.4405857,0.21102563
1994-10-01,-1.6995876,0.30694658,0.033816148,0.14794579,0.9956261,-1.0509024,0.7634649,0.18761444
1994-11-01,-0.40774497,0.2858116,-0.44643822,0.31995314,1.4911629,-1.054154,0.815815,0.28808784
1994-12-01,-0.5010643,0.49261054,-0.001625824,-0.38140717,1.8881779,-0.5495125,1.4765313,-0.49651223
1995-01-01,-0.34675065,0.5869427,-0.4449791,-0.22248992,2.2710614,-1.4300435,0.3630646,-0.54424936
1995-02-01,-0.44983864,0.7976311,-0.10725327,-0.87676924,2.5917797,-0.7976311,0.27976114,-0.88301694
1995-03-01,-0.63102376,0.66677475,-0.21554795,-0.17285499,1.9989369,-1.2315032,-0.73237646,-0.15064088
1995-04-01,-0.35820502,0.438385,-0.1940277,-0.42970735,1.6265011,-0.59353715,0.49912682,0.26587716
1995-05-01,-0.7670864,-0.10412979,-0.47101212,0.5307125,1.0388641,-0.49912682,0.7105095,0.026380157
1995-06-01,-1.6081043,-0.057270814,-0.78513527,1.4918263,0.81810987,-1.2085947,0.7139805,0.10759964
1995-07-01,-1.7587445,-0.11107178,-0.35924643,0.8857937,0.1100296,-0.8129032,0.3269661,0.34570998
1995-08-01,-1.2741966,0.70217896,-0.4345665,1.4203243,-0.081567384,-1.3495163,0.5706291,-0.016313935
1995-09-01,-1.3922096,0.558828,-0.2408863,0.8993309,0.054841615,-1.2623951,0.552927,-0.0458168
1995-10-01,-1.0340046,0.24053879,-0.17910233,0.44393843,0.5563976,-1.0187323,1.3286908,-0.16799545
1995-11-01,-0.7459133,0.09614639,-0.2960747,0.5595215,0.9187679,-1.0746148,1.2207432,-0.3561222
1995-12-01,-0.40332794,0.8302582,-0.092675015,-0.66851044,1.6844661,-0.47031745,0.4317898,-0.96909714
1996-01-01,-0.97144395,0.35514754,0.033428956,-0.9350357,1.4470707,-1.2627118,1.1097965,-0.4809227
1996-02-01,0.21580315,0.6672684,-0.3339653,-0.48522568,1.6099163,-1.5586132,0.63979566,-0.40578842
1996-03-01,0.21514091,0.73975337,-0.29126817,-0.75795746,1.4205917,-0.5590355,1.1445496,-0.75200003
1996-04-01,0.087380216,-0.13504258,-0.16152115,0.038725663,1.471233,-1.0800076,0.88770425,-0.30483857
1996-05-01,-1.5314724,-0.05825348,0.059908677,0.5656551,0.37798613,-0.33859903,0.6166271,-0.0033100129
1996-06-01,-1.8823173,0.13438034,-0.25452843,1.2455002,0.36772537,-0.15953521,0.9105423,0.09102173
1996-07-01,-1.6671768,0.26843032,-0.3730213,1.4010639,0.35415497,-0.94959867,0.67421836,0.11584473
1996-08-01,-1.770113,0.706324,-0.45113373,0.5477821,0.124119565,-0.8367327,0.49217644,0.12676772
1996-09-01,-1.1932045,0.5494362,-0.2118309,0.8946552,0.15357742,-0.6249014,0.5653244,-0.18733826
1996-10-01,-0.8416977,-0.08109131,-0.46404266,0.85493696,0.5593666,-0.9790567,1.5738385,-0.4359085
1996-11-01,-1.0247326,0.04699974,0.27869034,-0.009598541,0.98104286,-0.63648605,1.4053667,-0.11253548
1996-12-01,0.081422426,0.19561271,0.021514129,0.14364776,1.6433456,-1.1356132,1.07074,-0.43094406
1997-01-01,0.17094155,0.37835044,0.09735565,-0.8947571,1.443723,-0.924712,0.24355087,-0.7059067
1997-02-01,-0.2731804,0.7550728,-0.3718384,-1.4854004,2.1506069,-0.85861474,2.5569592,-0.34155732
1997-03-01,0.7423744,0.8455906,0.31518325,-0.062841035,2.3322933,-0.28327447,1.3206451,-1.2652924
1997-04-01,-1.1493782,0.40244523,-0.20871124,0.02181549,1.2783165,-0.8074951,0.37574577,0.44119185
1997-05-01,-1.0917461,0.37672195,-0.6951622,0.31290436,0.46886826,0.2627613,0.6450192,0.38030434
1997-06-01,-1.0279278,-0.04786377,-1.0754662,-0.079121396,0.5632927,-0.9680172,0.51412696,0.15140533
1997-07-01,-1.8412842,-0.055677794,-0.5528736,1.0770943,0.13968353,-0.60952836,0.7684227,0.14391632
1997-08-01,-1.9962708,-0.121450044,-0.53659284,0.6525078,-0.32625428,-0.6665093,0.58999217,0.4366333
1997-09-01,-1.98227,0.16312714,-0.19894333,0.6821381,0.6173431,-1.5961052,0.7820984,0.59129447
1997-10-01,-0.88433725,-0.12340393,0.066423036,-0.22466584,0.78698194,-0.9562958,0.3177883,0.2881588
1997-11-01,-0.94066656,0.5649208,-0.02181549,-0.09833221,1.3489727,-1.0803502,-0.19308262,-0.15694046
1997-12-01,-0.33862647,0.31485826,-0.081401065,0.16540603,1.6804364,-1.133749,0.48124084,-0.402771
1998-01-01,0.3180294,0.65699923,0.090631105,-0.21823616,1.705972,-1.2737529,0.3438778,-1.8319404
1998-02-01,-0.09292183,0.81634104,-0.17177506,-0.72407305,1.7871155,-0.9992405,-0.29545325,-0.61184657
1998-03-01,0.42174873,0.882106,0.04809723,-0.5637497,1.9657615,-1.2279465,1.1000149,-1.1513844
1998-04-01,-0.17472,0.52906764,-0.0035991669,-0.28498307,1.0915082,-0.7273449,0.22608872,0.42436638
1998-05-01,-0.92922175,0.2607708,-0.450869,0.1848629,0.8448063,-0.119097516,0.9583416,-0.17799187
1998-06-01,-1.0970703,0.030101012,-0.7522114,0.97241056,0.35434723,-0.3834675,0.90893555,0.36252707
1998-07-01,-1.5413955,0.46199304,-0.7957279,0.6085747,-0.0052349092,-0.19369678,0.9635765,0.15279846
1998-08-01,-1.5456489,0.19860458,-0.80554354,0.9478714,-0.7551567,-0.2555359,0.81306875,-0.12793198
1998-09-01,-1.5492477,0.5277584,-0.5503346,0.9593231,-0.5526253,-0.62689745,0.75188446,-0.1125534
1998-10-01,-0.7803501,0.15018006,-0.20253105,0.59286916,0.36514473,-0.24833775,1.0476646,-0.23295975
1998-11-01,-0.6527454,0.61871797,-0.09030457,-0.016032409,1.1873753,-1.2001356,0.5274315,-0.26764184
1998-12-01,0.07329063,0.4806431,0.028465653,-0.074272156,1.8754566,-0.95572394,1.6411884,-0.5585144
1999-01-01,-0.26703683,0.678912,-0.018978883,-0.77247465,1.5046608,-0.9532734,0.73251915,-0.18346329
1999-02-01,-0.27069893,0.6602661,-0.1704773,0.12386207,2.015759,-1.1357372,0.8110981,-0.7381794
1999-03-01,-0.37125397,0.4038841,-0.18246384,-0.77980006,1.8109863,-0.88468283,0.49178657,0.37158662
1999-04-01,-1.0301883,0.17480545,-0.53940046,0.73085403,0.77680284,-1.093784,1.3531624,0.056604005
1999-05-01,-0.89567107,-0.14850159,-0.41986656,0.49311867,0.9639282,-0.63396186,0.9532734,-0.078912355
1999-06-01,-1.8945606,0.029966736,-0.5114315,0.40221938,0.49178696,-0.029633712,1.3235283,0.0129852295
1999-07-01,-1.3748047,0.47047693,-0.7201996,1.159378,-0.22774735,0.5863482,1.0455043,0.1028862
1999-08-01,-1.2639282,0.7458378,-1.1460594,0.8427299,-0.8706986,-0.52441674,0.6612648,-0.26603776
1999-09-01,-1.0947826,0.42885667,-0.41587105,0.57702523,-0.26370698,-0.7764702,0.7308544,-0.11387329
1999-10-01,-1.0152047,0.1052166,-0.002663803,0.85405046,0.12019958,-0.94494975,1.0035511,0.107213974
1999-11-01,-0.49744684,-0.063595966,0.023973083,-0.19445038,0.7268589,-0.3586014,1.6944497,-0.0
1999-12-01,-0.6839062,0.35227507,0.012652588,-0.22708091,1.6175346,-1.1064365,1.2812424,-0.8120972
2000-01-01,-0.40083885,0.7910484,-0.13544159,-0.84008217,2.3443427,-1.1222808,2.0076249,-0.26196823
2000-02-01,-0.3247177,0.70566905,-0.21019134,-1.2498363,2.2901664,-1.3009269,1.3571609,-0.4889618
2000-03-01,-0.16355896,0.21190643,-0.34289017,-0.56439817,1.62873,-1.2998981,1.5930703,-0.6418907
2000-04-01,-0.45090103,0.02537384,0.076121524,0.18173218,1.0540451,-0.7351578,1.0163276,-0.11041031
2000-05-01,-0.6298901,0.1066391,-0.082293704,0.7351574,0.6216606,-1.0019264,1.5498654,0.07852173
2000-06-01,-1.2758961,0.106982425,-0.6789238,0.73824346,1.0249001,-0.6710369,1.0561028,0.027774047
2000-07-01,-1.8824695,-0.24653855,-0.56782645,1.008784,0.19921951,-0.4639309,0.7715042,0.1999054
2000-08-01,-1.5004895,0.22836456,-0.50130576,0.9014591,0.16321564,-0.586343,0.82259446,0.11109619
2000-09-01,-1.8066906,-0.22390823,-0.29111403,1.1795441,0.62577593,-0.44781512,0.5983437,0.20882034
2000-10-01,-0.9916393,0.3847229,0.00891571,0.74955904,0.7114975,-1.435683,1.548494,-0.26265487
2000-11-01,-0.9768955,0.040118027,-0.06720658,0.22116432,0.62920415,-0.97723806,1.3715626,-0.24345246
2000-12-01,-0.8959732,-0.27636948,-0.3950096,-0.4413002,1.8690968,-1.232692,1.0684475,-0.74818724
2001-01-01,-0.87377244,0.079524234,-0.45892105,-0.7697285,1.7714031,-1.3174522,0.5788704,-0.26541215
2001-02-01,-0.07090912,0.32041702,-0.118292235,-1.2240108,2.0603414,0.13353463,1.502346,-1.0589978
2001-03-01,-0.2849621,0.4496437,0.08714561,-0.12491913,0.5782078,-0.90856475,-0.4244608,-0.46024626
2001-04-01,-0.27634698,-0.080849454,-0.3336708,0.4082245,1.5268662,-1.1007484,-0.028496552,-0.36150438
2001-05-01,-1.4098991,-0.01557312,-0.52187765,0.6544186,0.9327534,-0.759457,1.6047337,-0.24619408
2001-06-01,-1.4417088,-0.27435914,-0.60736656,0.9059143,0.1789299,-0.42180997,0.84792787,0.12558213
2001-07-01,-2.2916245,0.53712004,-0.44599837,0.7008076,-0.18953323,-0.86648333,0.90260047,-0.01789322
2001-08-01,-1.9675629,-0.09808044,-0.2723709,0.8873585,-0.15805435,-0.42479247,0.5159138,0.09874268
2001-09-01,-1.6448269,-0.08217468,-0.32207298,0.42147866,0.31345826,-0.66170806,1.0623119,0.13287202
2001-10-01,-1.0818615,0.30451202,-0.33400193,0.3787346,0.6560749,-1.0341469,2.0381408,0.3873493
2001-11-01,-0.6640278,0.112659454,-0.07587967,0.058649063,0.5583267,-1.4698737,1.3747761,0.16832618
2001-12-01,-0.040755846,-0.36382332,0.15739174,-0.31147003,1.3048607,-0.48012772,1.3088369,-0.013916778
2002-01-01,-0.15947227,0.1290081,-0.44391173,-0.7864822,1.788393,-1.1458397,0.92885745,-0.96585006
2002-02-01,-0.02020607,0.64504015,-0.22972718,-0.5598637,1.6976207,-0.75011176,0.023625564,-0.75539625
2002-03-01,-0.28661537,0.56701356,-0.02984314,-0.6776806,1.7053925,-0.69135857,0.108802035,-1.1421093
2002-04-01,-0.56452674,0.009326172,-0.10818024,0.22071266,1.0469853,-1.0522703,1.2736042,0.38888893
2002-05-01,-1.2499787,-0.19055939,-0.5965454,0.06590271,0.6008976,-0.65281165,1.5608413,-0.1408207
2002-06-01,-1.4038556,0.015232086,-0.7308384,0.93694,0.42836913,-0.8660633,1.4281029,0.7243099
2002-07-01,-1.6481937,0.12403412,-0.4585224,0.7892803,0.391687,-0.2517988,1.1076034,0.0671463
2002-08-01,-1.7734715,0.38298264,-0.735812,0.615197,-0.1896263,-0.7442051,0.49520415,0.3382187
2002-09-01,-1.967139,0.07895889,-0.069322206,0.7560177,0.07305298,-0.8657526,0.90989494,0.22506447
2002-10-01,-1.4231293,-0.050359726,-0.03512764,1.0009778,0.82596207,-0.7967407,-0.082689665,0.20175019
2002-11-01,-1.0979668,0.33044702,-0.21573868,0.52069473,1.4539047,-1.2913233,0.45012912,-0.77622414
2002-12-01,0.63384897,-0.12279053,-0.16071549,-0.15076867,1.50271,-1.1921585,0.84585726,-0.7208904
2003-01-01,-0.5075623,0.8909885,-0.38731536,-0.5902111,1.5489391,-1.257885,0.46315843,-1.303585
2003-02-01,0.23530617,1.1240261,-0.16043624,-0.8939053,2.1070628,-0.90071183,0.8854786,-0.81644213
2003-03-01,-0.3811577,0.8621422,-0.23141709,-0.3377262,1.9161599,-0.81611824,1.4309616,-0.33675385
2003-04-01,-0.61063004,-0.033708192,-0.4155136,-0.15525016,1.1943588,-0.8676521,0.7649082,0.10566101
2003-05-01,-0.5607166,0.039865874,-0.5386772,0.547752,0.6689701,-0.84917754,1.3204387,0.5821083
2003-06-01,-1.1694019,-0.004862213,-0.68679696,0.3231415,0.5509933,-1.471152,1.4400368,-0.05931244
2003-07-01,-1.9177803,0.1396927,-0.6855003,1.5424564,0.16951141,-0.5817839,0.33059615,0.031439207
2003-08-01,-2.4434924,0.48552245,-0.37013778,0.47903976,-0.6034996,-0.7299038,0.7859753,-0.040514372
2003-09-01,-1.8425858,0.45181426,-0.6579506,0.6154915,0.35393143,-0.73671037,0.80509835,0.09982681
2003-10-01,-1.8785626,0.13580361,-0.24924393,0.33318862,0.41518936,-0.82584155,-0.011344147,0.10890274
2003-11-01,-0.9418743,0.19965439,0.14131394,0.45116615,1.0044281,-0.81838685,1.0264679,-0.31601065
2003-12-01,-0.16497383,0.4242649,-0.08880691,-0.05347862,1.5949631,-1.3022888,1.1395833,-0.74805415
2004-01-01,-0.26908952,0.46482047,0.053949736,-0.14079475,2.0145512,-0.90727156,0.26678658,-0.9901703
2004-02-01,-0.015132141,0.5960754,-0.16151962,-0.89411354,1.4855839,-0.9273384,1.2720886,-0.7901619
2004-03-01,-0.18948098,0.49837455,-0.35889587,-0.15625611,1.3523552,-0.61778677,0.9039825,-1.3293278
2004-04-01,-0.64903796,0.7513447,-0.10493851,-0.19507293,1.3510392,-0.782925,1.0905027,0.074345015
2004-05-01,-1.2957737,-0.0309227,-0.8352295,0.89740294,0.79345167,0.11085949,0.8740471,0.092767335
2004-06-01,-1.1263596,-0.05723877,-0.45955735,0.9576031,0.12730789,-0.2657997,0.84082186,0.28553772
2004-07-01,-1.4905179,-0.10625458,-0.5618637,1.1632026,0.30001146,-0.8575991,1.267812,-0.036843874
2004-08-01,-2.355025,0.17434922,-0.6737102,0.80200464,-0.12829438,-1.0161575,0.6750263,0.2352066
2004-09-01,-1.8204654,0.47238693,-0.67338145,0.7421341,0.67371064,-0.88819236,0.5809437,0.18158646
2004-10-01,-0.93654937,-0.07993698,0.012500763,0.39211997,0.46284714,-0.8694414,0.5618641,-0.037172318
2004-11-01,-0.8710861,-0.09704323,0.009868622,0.092437744,1.17044,-0.7046326,0.85694087,-0.57699585
2004-12-01,0.1546112,0.5510082,-0.19606018,-0.05098915,1.5816399,-0.9010216,0.9872093,-0.6668022
2005-01-01,-0.32078743,0.6858578,-0.14784165,-0.08891411,2.025494,-1.1398414,0.691436,-1.3089523
2005-02-01,0.23082733,0.50802994,-0.017783355,-0.39958993,1.8406925,-0.88390887,0.86263925,-1.7517784
2005-03-01,-0.45363504,-0.30893248,-0.30405045,0.0575325,1.271643,-1.0303555,0.61647,-0.61507493
2005-04-01,-0.49338493,0.23222199,-0.14017029,-0.47560233,0.80824506,-1.0345395,0.597641,-0.75210685
2005-05-01,-1.3574193,-0.083683014,-0.4372467,0.2998665,0.1931694,-0.713752,0.3413597,-0.06520386
2005-06-01,-1.7148182,0.07984848,-0.76221925,0.9592239,0.6907387,-0.45119438,0.9097115,0.20188674
2005-07-01,-1.5701153,0.14086762,-0.74548185,0.79638976,0.08403244,-0.107394025,0.52162856,-0.056835175
2005-08-01,-2.0683818,0.14923553,-0.5735817,0.53487855,-0.33264238,-1.073592,0.73048896,0.013249969
2005-09-01,-1.5537269,0.27266923,-0.2810379,1.2148079,-0.2440773,-0.37413558,0.49966127,0.07078247
2005-10-01,-1.5300171,0.17852478,0.025802612,0.41458243,0.31555787,-0.8985535,1.6175358,0.02545395
2005-11-01,-1.4069316,-0.07671051,-0.01743393,0.4386421,0.7402519,-0.7820938,1.6489174,-0.6436676
2005-12-01,-0.53592414,0.3099781,-0.028243255,-0.54708254,0.93028337,-1.3954254,0.43376046,-0.8127777
2006-01-01,-0.041534424,0.6910946,0.06277008,-0.5758602,1.7378861,-0.7544891,1.2666428,-0.9427994
2006-02-01,0.09118843,0.7938377,-0.17269592,-0.36631432,1.6969761,-0.4706188,1.0611566,-1.3543956
2006-03-01,-0.2136055,0.545256,-0.38692588,-0.30822906,1.4458965,-1.4924271,-0.42471257,-0.19299431
2006-04-01,-0.23983765,0.15114784,-0.07307549,-0.025295258,0.66923445,-1.0433563,0.104616545,-0.2342163
2006-05-01,-1.5530113,-0.095248416,-0.1424038,0.5074692,1.0233696,-0.49060535,0.8085152,0.15302125
2006-06-01,-2.0014577,-0.15864258,-0.4312706,1.0489776,0.5262066,-0.71857625,1.0071309,-0.040597536
2006-07-01,-1.7663044,0.35507202,-0.9768387,0.6583042,0.18924713,-1.2416595,0.89907914,0.118357465
2006-08-01,-1.7706764,0.5324524,-0.41752967,0.6795403,-0.3516369,-0.5377609,0.81444854,0.15021057
2006-09-01,-1.7425705,0.4496956,-0.4871704,1.014938,0.05808563,-1.2260453,0.6704834,0.21298066
2006-10-01,-1.2841308,-0.11460991,0.20673522,0.44938317,0.59053767,-1.0043201,1.0102535,-0.38692552
2006-11-01,-0.6339458,0.05371361,-0.13834381,0.31853446,1.6329571,-1.1279866,1.0224329,-0.30229568
2006-12-01,-0.51839906,0.53307647,-0.614896,-0.28543168,1.3300374,-1.1788895,1.3381565,-0.9937023
2007-01-01,0.23931733,0.40892753,-0.26533738,-0.3732708,1.5997322,-0.69450265,0.91743696,-1.8535049
2007-02-01,-0.6424629,0.13009873,-0.22968063,-0.6684826,1.3523842,-1.0986115,0.8673248,-0.9421719
2007-03-01,-0.3636341,0.5052967,-0.2582695,-0.83327407,2.1194851,-1.0488205,0.8278133,-0.7616398
2007-04-01,-1.0211945,0.27658004,-0.1927391,-0.22871666,1.365876,-0.85126305,0.73497736,-0.3649189
2007-05-01,-1.3392136,-0.15868835,-0.37359238,0.4600033,1.0661671,-0.61644304,0.81175154,-0.01766777
2007-06-01,-1.0892951,0.29778138,-0.29778177,0.8779255,0.40410918,-1.3906109,0.76131856,0.2081581
2007-07-01,-1.8351948,0.45679092,-0.5322803,0.9534149,-0.1169281,-0.9235403,0.5849625,-0.04368744
2007-08-01,-1.0639187,0.4571125,-0.72309226,0.92739487,-0.64149934,-0.7253405,0.74975395,-0.023449708
2007-09-01,-1.1387653,0.6357174,-0.2560215,1.2383473,-0.11307297,-0.5033697,0.591708,-0.062640384
2007-10-01,-0.9636944,0.119176485,-0.11114578,1.3443534,0.7732037,-1.4513233,0.99517477,0.06328277
2007-11-01,-0.5920292,-0.31512794,0.04754181,0.019273758,0.80050886,-1.2200367,1.4066722,-0.69514465
2007-12-01,-0.19498749,0.38515624,-0.44426346,-0.6565968,1.3600937,-1.0308316,1.768379,-1.0353291
2008-01-01,0.4482647,0.49938583,-0.22301407,-0.9712933,2.073584,-0.9805592,1.2275364,-1.459177
2008-02-01,-0.35848427,0.8425331,-0.2667862,-1.1252949,1.5719616,-0.7339016,1.1802495,-0.42366257
2008-03-01,0.057191085,0.0313118,-0.16965714,-0.19106369,1.2582085,-1.2243412,0.19329986,-0.52366793
2008-04-01,-0.39938086,-0.06869354,0.0348259,0.36359635,0.73422086,-0.5204727,0.34378663,-0.07540321
2008-05-01,-1.7758057,0.030992126,-0.54219896,0.76904756,1.0492527,-0.36743012,0.9179363,-0.0047924044
2008-06-01,-1.1671498,-0.25017166,-0.63549423,0.60194623,-0.1530426,-0.6591377,0.99589574,-0.032909393
2008-07-01,-1.0214558,0.1699768,-0.9674595,1.3125244,0.023643494,-0.6971588,0.34602317,-0.007987976
2008-08-01,-1.7428967,0.35401076,-0.87831765,0.60002935,-0.19170228,-1.0182607,0.6498722,0.22972336
2008-09-01,-1.3438358,0.5243065,-0.04473114,0.43931884,0.26646727,-0.6316603,0.7949268,0.0849884
2008-10-01,-1.3074124,0.24601822,-0.006709671,0.62111664,0.034187317,-1.3716326,1.4032634,0.018850708
2008-11-01,-0.7089802,-0.11342392,-0.5406014,0.53612864,0.976725,-0.5284603,1.4313799,-0.15112534
2008-12-01,-0.32206076,0.18690987,0.01917038,0.05175972,1.3777031,-0.55785483,0.58469296,-0.6201584
2009-01-01,-0.60323334,0.82653314,-0.08705521,-0.56990016,1.8106709,-0.71132356,-0.23300858,-0.46957666
2009-02-01,-0.16342965,0.5355961,-0.046601485,-1.0899624,1.6922249,-0.9106754,1.3342975,-0.57054746
2009-03-01,-0.7398022,0.47410774,-0.2663414,0.03915863,1.5346206,-0.5398029,1.2084084,-0.6038807
2009-04-01,-0.31326714,0.03495102,-0.49028856,0.2436882,1.4789574,-0.53430176,1.1019366,-0.31909218
2009-05-01,-1.6935192,0.06990242,-0.60129166,0.43462563,0.570871,-0.08446541,1.4067894,-0.01941719
2009-06-01,-1.9352658,0.0003238678,-0.8284748,0.42912406,0.5805794,-0.52006227,0.8255623,-0.1161808
2009-07-01,-1.5744259,-0.25792772,-0.72038496,0.8410961,0.16245842,-0.33365518,0.9174713,0.3999977
2009-08-01,-1.8294411,0.06440125,-0.87896043,1.0184418,0.23268509,-0.36116332,0.8954651,-0.12524185
2009-09-01,-1.9553303,0.21197319,-0.4588974,0.67410696,0.25727996,-0.8537176,1.3410938,0.054368593
2009-10-01,-1.8618034,-0.015857697,-0.06407738,0.46504632,0.8152065,-0.89805394,0.90873337,0.103559494
2009-11-01,-1.2899612,-0.2695778,-0.20258789,0.5666641,0.88834536,-1.7559786,0.8333292,-0.30841294
2009-12-01,-0.10809021,0.24498291,0.21812172,-0.17281456,1.0427135,-1.0880207,0.5304182,-0.9563061
2010-01-01,-0.641798,-0.017873764,0.1393486,-0.4749771,1.061499,-0.821859,0.24659081,-0.95756686
2010-02-01,0.824176,0.09565735,0.43956032,-0.45379335,0.87084615,-0.9929832,0.77717495,-1.232954
2010-03-01,-0.3187477,0.110552214,0.47663194,-0.42003173,0.34953004,-0.81821823,1.1015494,-0.5094002
2010-04-01,-1.1468956,0.14199677,-0.035416413,-0.27141532,0.69806707,-1.0274065,0.538859,-0.16582832
2010-05-01,-1.2885612,0.06321983,-0.2757183,0.04534607,0.48755494,0.20025158,0.8208664,-0.34059334
2010-06-01,-1.2677085,0.49715346,-0.7523502,0.5908249,0.107242584,-0.34059334,0.79504853,0.017873764
2010-07-01,-1.7426853,-0.046339415,-0.6901234,0.9929832,-0.8777973,-0.18204689,1.2965046,0.23004074
2010-08-01,-1.0399845,0.22011146,-0.8010063,0.7728718,-0.3736927,-0.8635645,1.177016,0.20753327
2010-09-01,-0.63683355,0.64676285,-0.34522706,0.8374157,-0.08903732,-0.8069641,1.1425927,0.1224678
2010-10-01,-0.929763,0.28068313,-0.24328117,0.5663315,0.26578864,-0.6226004,0.65139735,-0.026810836
2010-11-01,-0.8758114,0.40546837,-0.15689126,0.35581893,1.6231968,-0.35912877,-0.5732824,-0.52959096
2010-12-01,-0.05593834,-0.09863663,0.04667015,-0.1651661,0.6106846,-1.4689531,-0.22474518,-0.5133724
2011-01-01,0.16211967,0.5761913,0.025616456,-0.780069,2.018776,-1.1608047,1.082201,-0.65690005
2011-02-01,-0.06491776,0.42389756,-0.27476197,-0.6425133,1.593475,-0.9656998,0.4733757,-0.5102211
2011-03-01,-0.35757524,0.36424255,0.14176711,-0.32564315,1.4559189,-1.0432503,0.94043386,-0.4989914
2011-04-01,-0.42249376,0.53197706,-0.0884285,-0.05895233,1.7608578,-0.5074131,0.07123413,0.027370453
2011-05-01,-1.1422065,-0.13755646,-0.17334823,0.40178984,0.50776446,-0.808844,0.7758583,0.19931641
2011-06-01,-1.0555325,-0.6004044,-0.67970926,0.4267044,0.28739396,-0.44109192,1.1657177,-0.119660184
2011-07-01,-1.5583836,-0.016492462,-0.29862365,1.2429177,0.21826477,-0.5986496,0.75410193,0.0491272
2011-08-01,-1.6636562,0.34108353,-0.5681206,0.87692034,-0.09860535,-0.6007551,0.6670769,-0.13404694
2011-09-01,-1.7955983,0.6958519,-0.49162215,0.89727247,0.52145004,-0.86674345,0.60882604,-0.19510499
2011-10-01,-1.306432,0.1365036,-0.18177032,0.39933395,0.59829867,-0.856918,1.5531204,0.024212647
2011-11-01,-0.32353744,-0.3996849,-0.28002548,0.34318846,1.3397678,-1.0569359,2.045094,-0.508115
2011-12-01,-0.5151337,0.011930848,-0.3719635,-0.35020638,1.6478657,-0.9976322,1.5243458,-0.80147475
2012-01-01,-0.3415615,0.41389197,-0.23875809,-0.9677578,1.9211159,-0.54515916,0.59304464,-0.8210869
2012-02-01,-0.81104124,0.96742326,-0.60911787,-1.1150978,1.6937435,-0.70957756,1.3993976,-0.87366104
2012-03-01,-0.14332199,0.60309064,-0.40284118,-1.1449009,1.5845779,-0.8739956,2.1474845,-0.22168007
2012-04-01,-0.512677,0.45842895,-0.5237278,0.039513778,0.9972256,-0.8930832,0.1413128,-0.52908516
2012-05-01,-1.4258522,-0.08539047,-0.5381271,0.5729526,0.9506798,-0.25516623,1.2276123,0.0867302
2012-06-01,-1.6230873,0.1332756,-0.6241871,0.6764256,0.44068146,-0.64528334,0.89944535,0.11485825
2012-07-01,-1.8477806,0.49024123,-0.6342331,0.5481728,0.030472565,-0.5595581,0.89777106,-0.052908324
2012-08-01,-2.1990535,-0.08438568,-0.49024123,1.0240147,-0.69919664,-1.0822811,0.74507296,0.029132843
2012-09-01,-1.540041,0.7939636,-0.26454315,0.88872945,0.2886528,-1.3957142,0.6801094,-0.2200058
2012-10-01,-0.93527603,0.14767456,0.10079346,0.7028801,0.9546982,-1.4623522,0.3137676,-0.07032089
2012-11-01,-0.9992348,-0.32113495,-0.032147218,-0.16475335,0.3224743,-1.1907772,0.26554736,-0.90982664
2012-12-01,-0.2528225,0.16207428,-0.17848282,-0.5073193,1.4821091,-1.4519714,0.28362998,-1.1951301
2013-01-01,-0.30182916,0.05758362,-0.34679604,-0.76832163,2.0309577,-0.9688942,1.304044,-1.4153293
2013-02-01,-0.46034583,0.8902828,-0.12551956,-0.38108748,1.946523,-0.7854675,0.4761978,-0.8711964
2013-03-01,-0.1756626,0.46196327,0.11743202,-0.3095932,1.0374768,-1.0403885,-0.06211281,-0.92328036
2013-04-01,-0.8139359,0.2406868,-0.39629212,-0.48040313,0.8663433,-0.5480156,-0.003235054,-0.081199266
2013-05-01,-1.1367924,-0.14460602,-0.423143,1.1180294,0.35908967,-0.9808636,0.94754255,0.18860283
2013-06-01,-1.45415,-0.24392204,-0.42281953,1.3198955,-0.20348358,-0.18569127,0.9844223,0.17404556
2013-07-01,-0.81361234,-0.10934448,-0.21480636,1.2157276,0.5658081,-0.42217255,0.42184907,0.033644103
2013-08-01,-1.572229,0.24359818,-0.39726257,1.0866497,-1.031977,-0.8216999,0.3076523,-0.02167511
2013-09-01,-2.0086358,0.35035476,-0.5140476,0.81167144,0.10255051,-0.80714226,0.48428535,-0.26106796
2013-10-01,-1.0355358,0.22839355,0.2008957,0.53539884,0.78934973,-0.69779795,1.3622749,-0.042379
2013-11-01,-0.88963544,-0.07893486,-0.16628113,0.42993698,1.3677746,-1.1849947,0.6110989,0.051113892
2013-12-01,-0.020057296,-0.052731324,-0.068259045,-0.06825943,1.3050148,-1.0445938,1.5482897,-1.2319027
2014-01-01,0.11571999,0.44474792,-0.32606047,-0.35045737,1.3207264,-0.87334096,-0.41078988,-1.2455578
2014-02-01,0.07253113,0.67420995,-0.31386223,-0.5726665,1.8518524,-0.96565324,-0.08308105,-0.45233077
2014-03-01,0.16682167,0.84300995,0.0639595,-0.5014542,2.1713192,-0.580579,0.49255258,-0.57958984
2014-04-01,-0.73849905,0.22550583,-0.22023086,-0.6313507,1.4344685,-0.62376785,0.7816879,-0.6781662
2014-05-01,-1.3533653,0.11242332,-0.14737014,0.60398674,0.7800392,-0.29177323,0.4407917,-0.11802826
2014-06-01,-1.4420513,-0.1727562,-0.8529003,1.0068645,0.036924742,-0.08077335,1.219183,0.04945297
2014-07-01,-2.1462626,0.007912445,-0.45101166,0.9860939,0.2947403,-0.2571558,0.8288334,0.2192421
2014-08-01,-1.7344837,0.21957168,-0.54134595,1.0820332,-0.59244764,-0.88059425,0.98345643,-0.05802536
2014-09-01,-2.0582366,0.06560783,-0.5027725,0.77971,0.08967514,-1.1839063,0.7243225,-0.20176849
2014-10-01,-1.5112858,0.23275909,0.15033722,0.56013834,1.2442391,-1.1789608,0.9963142,-0.32177466
2014-11-01,-0.67750704,-0.036924742,0.0484642,0.25946388,1.0075238,-1.147311,0.7147614,-0.61684453
2014-12-01,-0.16385421,0.15890923,-0.081762694,0.08538894,1.4700744,-1.4938122,0.9148817,-0.8064144
2015-01-01,-0.9212513,0.32858163,-0.27875978,-0.74060786,1.8171333,-0.73785704,0.88518393,-1.1281815
2015-02-01,-0.12012367,0.84575427,-0.14732742,-0.3432533,1.8036842,-1.0768311,0.541625,-0.75313985
2015-03-01,-0.29434815,1.0441258,0.063576505,-0.27264634,1.6679726,-0.76261556,0.7763697,-0.5951149
2015-04-01,-0.4480938,0.097810365,-0.44136888,-0.21823959,1.048405,-0.621096,1.5175892,0.32216302
2015-05-01,-1.1220684,0.01161499,-0.3524231,0.685284,0.29495963,-0.17147407,1.0915028,0.2503334
2015-06-01,-1.9968598,-0.10759201,-0.7320496,0.75650215,-0.07060699,-1.0202847,0.71095926,-0.06571655
2015-07-01,-1.8972156,0.16749993,-0.4884407,0.39032477,0.10575714,-0.15068913,0.50586283,0.19011879
2015-08-01,-1.6762253,0.016505813,-0.7626152,0.8955761,-0.39001846,-0.8971046,0.8680668,0.060520172
2015-09-01,-2.1215682,0.3512005,-0.35731354,0.38359985,0.1323494,-1.4063295,0.54926646,0.55996436
2015-10-01,-1.4720459,-0.08497276,-0.04095764,0.19500962,0.039429855,-1.2266032,0.8124374,0.3897133
2015-11-01,-0.5856396,-0.11767807,-0.040346526,0.574025,1.2586972,-1.0649103,1.2648103,-0.2653103
2015-12-01,-0.4988331,0.5156441,0.02842636,-0.649522,1.426809,-0.9912468,1.9186113,-0.9154438
2016-01-01,-0.3382164,-0.26689586,0.020920563,-0.2995449,1.607716,-1.0498337,0.7350737,-1.1642628
2016-02-01,0.1832138,1.0707543,-0.006973648,-0.491,1.7433834,-1.0086262,-0.021871567,-0.94459647
2016-03-01,-0.7433151,1.1015007,-0.34614104,-0.38671416,1.8603481,-0.62730104,0.19272308,-1.2292435
2016-04-01,-0.5074829,0.56834257,-0.10016517,-0.2862316,0.91480064,-0.9455473,-0.24692631,-0.5119206
2016-05-01,-1.2225869,0.13281365,-0.32934076,0.35564995,0.12742539,-0.33314458,0.72334516,0.1543686
2016-06-01,-0.93984187,0.11221085,-1.0583919,0.9740757,0.5027283,0.041207124,1.534811,0.34011802
2016-07-01,-1.342088,0.416193,-0.43838158,0.6326893,-0.03074646,-0.8612312,0.64727056,-0.27830735
2016-08-01,-1.8406951,0.54298437,-0.5575657,0.9503021,-0.4418686,-0.34455585,0.46247178,-0.19177207
2016-09-01,-1.401363,0.61303675,-0.5334751,0.7778656,0.22885895,-1.1706022,0.92716295,-0.06656532
2016-10-01,-0.95378876,0.08019562,-0.044377137,0.6212784,0.5296715,-1.0032375,1.4878982,0.17560616
2016-11-01,-0.7572624,-0.0044376375,0.34170303,0.14961395,1.3284576,-0.9617136,1.8904607,-0.9683701
2016-12-01,-0.8555256,0.15088196,-0.09636154,0.07765961,1.4977245,-1.2152961,2.3155296,-0.5620033
2017-01-01,-0.5979481,0.7293865,-0.276474,-1.2684135,2.224418,-0.91100466,1.2337735,-0.6662575
2017-02-01,-1.2671188,0.9560043,-0.038848877,-0.523164,1.8184478,-1.2328022,0.90096855,-0.8329834
2017-03-01,-0.7488106,0.5069771,0.03625946,-0.7128757,1.4561828,-1.2642047,1.0210764,-0.26579055
2017-04-01,-0.15895653,0.3273018,-0.022661591,-0.23147431,1.0440617,-0.505682,0.95988923,-0.28359643
2017-05-01,-0.5587757,-0.28197747,-0.08255386,0.71773183,0.9459686,-0.5021208,0.5312576,-0.21366844
2017-06-01,-1.8168293,-0.3085243,-0.6513649,0.53093374,0.40208513,-0.7743862,1.3296009,-0.22758941
2017-07-01,-2.0816486,0.3140278,-0.6215809,0.54258806,0.27971154,-0.49176103,0.9841698,-0.012950134
2017-08-01,-1.6669376,0.36032256,-0.74460185,0.6539551,-0.34316483,-0.27744523,0.6866528,-0.047265626
2017-09-01,-1.8702465,0.55132943,-0.5001785,0.699926,0.14082718,-0.84819907,0.3408985,0.08158264
2017-10-01,-0.76661646,-0.021690369,-0.046294786,0.46359596,0.13856049,-1.2431619,2.1603177,-0.11589889
2017-11-01,-0.6656097,-0.077373885,-0.12043075,0.53384745,1.0223709,-1.0197814,0.7964004,-0.47266045
2017-12-01,-1.0165436,0.38298455,-0.29330903,-0.29395598,1.1081623,-1.213054,0.6024801,-1.3966144
2018-01-01,-0.4593296,0.15256462,-0.13783188,-0.83779335,1.1082184,-0.90097964,1.0853008,-0.77198756
2018-02-01,0.4026909,1.2463772,-0.3120033,-0.21804237,1.7515415,-0.5015629,0.28515738,-0.98642886
2018-03-01,-0.3028366,0.3057831,-0.3532547,-0.57195204,0.5866844,-1.0027984,0.032738876,-0.3228073
2018-04-01,-0.9278259,0.5189144,-0.42528075,0.1862854,1.1157478,-1.0980694,0.72811735,-0.35390967
2018-05-01,-1.3053077,0.08675919,-0.6780262,0.5650768,0.70487213,-0.88362825,1.2352461,0.21509628
2018-06-01,-2.0599437,0.38599396,-0.78835756,0.9815178,-0.12637253,-0.3994171,1.4929024,0.31789702
2018-07-01,-1.4022156,-0.07628212,-0.797197,1.1033074,0.083157346,-0.6403767,0.43346557,-0.03404846
2018-08-01,-1.7944298,0.92717093,-0.2645317,0.76805913,-1.057473,-0.43772143,0.09821701,0.0016372681
2018-09-01,-1.7908283,0.07857361,-0.36143953,0.46816903,0.12015228,-0.5555824,0.9068729,-0.095925525
2018-10-01,-1.3612915,0.10280075,-0.1086937,0.6452877,0.67999077,-1.6232045,0.35849303,-0.119169995
2018-11-01,-1.1000335,-0.16009445,0.3922142,0.12539062,1.2159302,-1.1177127,1.152416,-0.3728981
2018-12-01,-0.6377575,0.34081382,0.020953368,-0.62007827,1.6516873,-0.8263348,0.6868664,-0.666568
2019-01-01,-0.44812125,0.87671584,-0.09300003,-0.5444309,2.3319523,-1.2341545,1.4827061,-1.1828552
2019-02-01,0.57885134,1.0848911,0.075128175,-0.7132214,2.4934616,-0.89425695,0.7324169,-2.2108204
2019-03-01,-0.47426718,1.1917915,-0.024822235,-0.8601677,2.0463328,-0.887307,-0.13900375,-0.4418331
2019-04-01,-0.83435285,0.38391495,-0.060897063,0.018533707,1.8123432,-0.40708238,0.47790813,-0.79960215
2019-05-01,-0.6394169,0.0608963,-0.30415344,0.29720306,1.1050793,-0.3193775,-0.7473103,-0.2978649
2019-06-01,-1.321859,0.12775116,-0.7009758,0.95515406,0.16481857,-1.0997839,1.1679618,-0.014893341
2019-07-01,-1.3880513,0.20585784,-0.7936447,0.78139913,0.027469635,-0.8396486,0.91245997,-0.02184372
2019-08-01,-1.581002,0.9634285,-0.26907158,1.2411041,-0.708588,-1.0862144,0.35578308,-0.09167633
2019-09-01,-1.8087032,0.75293654,-0.24987563,1.1153389,0.12311783,-1.1891434,0.90517884,-0.1856697
2019-10-01,-1.5045494,0.39516753,0.28959045,0.43753052,0.3210327,-1.5197735,0.8509014,-0.0327652
2019-11-01,-1.2520263,0.12411003,-0.18269043,0.34982604,1.4873394,-1.5227524,0.12841281,-0.18302155
2019-12-01,-0.3392353,0.17143822,-0.24689674,0.010259628,0.91676253,-0.9889118,0.33427086,-0.7396984
2020-01-01,0.27756348,0.75553435,-0.21544647,-0.4076813,1.8834416,-0.41716233,0.056232072,-0.99026984
2020-02-01,0.39460412,0.8169972,0.039884947,-1.0451939,1.5790703,-1.0245975,0.61985856,-1.4309711
2020-03-01,-0.44724005,0.8693058,-0.3413147,-0.36616135,1.5610889,-0.66137886,-0.4524704,-0.77416956
2020-04-01,-0.81176645,0.29717904,-0.46554834,-0.25337067,0.93011475,-0.8009777,0.6813215,-0.1732727
2020-05-01,-1.3485851,0.21479264,-0.23735085,1.4270481,0.6757633,-0.44102782,0.61168516,0.14221421
2020-06-01,-1.0932525,-0.35766107,-0.6777252,0.98634684,-0.017327119,-0.902326,1.3731045,-0.05132828
2020-07-01,-1.4930878,0.16934891,-0.48516387,1.0644833,0.11442566,-1.2256596,1.2060436,-0.06800155
2020-08-01,-1.4806645,-0.22721633,0.090559386,0.67282104,-1.5038764,-0.13763753,0.5819351,0.092848204
2020-09-01,-1.2851604,0.5888008,-0.16183014,0.7339573,-0.27658233,-1.2619483,0.8693058,-0.19811936
2020-10-01,-1.0965221,0.25696677,-0.018962096,0.66628265,0.07682838,-1.3188343,1.5499732,-0.18798447
2020-11-01,-0.7921505,0.07977066,0.25042802,0.30927545,1.4005665,-0.68361014,1.654591,-0.39296952
2020-12-01,0.5234146,0.35112303,-0.48254853,-0.43252793,1.8527104,-1.1033878,0.96803856,-0.88924867
2021-01-01,-0.21370621,0.44234467,-0.37000352,-0.6845894,1.3061291,-0.5246418,0.82728136,-0.5628036
2021-02-01,0.2837246,0.0056411745,0.058736037,-0.28339309,1.3884258,-1.0914276,0.7423298,-1.1475083
2021-03-01,-0.833255,0.22532043,-0.22432557,-0.13970566,1.3472774,-0.85648346,1.6512448,0.057408907
2021-04-01,-0.17753525,0.030197907,0.07731934,-0.04479866,0.5498619,-0.1798584,0.06371383,-0.050108336
2021-05-01,-0.70217705,-0.15696105,-0.4413498,0.58968276,-0.65903777,-0.55981714,0.08561516,0.26414603
2021-06-01,-1.5832164,0.17056656,-0.6032883,0.49079362,0.6746346,-0.24689046,1.2015988,0.19213638
2021-07-01,-1.6263565,0.44599533,-0.4788479,0.6421135,-0.53625643,-0.2661373,1.0897682,0.21868363
2021-08-01,-1.8732468,0.52331465,-0.75759506,0.75261724,-0.395887,-0.45495492,1.1826836,0.045793913
2021-09-01,-1.037669,0.5385788,-0.15032426,0.62784463,-0.1526474,-1.172065,0.5253059,-0.09291534
2021-10-01,-1.0220726,0.271447,0.07964172,0.09324761,0.45329553,-0.64310914,1.2291416,0.101875305
2021-11-01,0.027874757,0.08229675,0.11813583,0.74929845,1.2825683,-1.1846752,0.8873447,-0.21304245
2021-12-01,-0.013273621,-0.3703354,0.13406372,-0.33449632,1.1408722,-1.0784855,1.2653126,-0.9915436
2022-01-01,0.079214856,0.70579225,-0.30835876,-0.7527088,2.233988,-0.7414894,1.2990516,-0.9611141
2022-02-01,-0.091113664,0.6762142,-0.4691677,-0.9288166,1.3592278,-1.0875862,1.02911,-0.96145475
2022-03-01,-0.7285706,0.74046934,0.010539246,0.32195777,1.478899,-1.2436352,1.5159565,0.01903839
2022-04-01,-0.61399806,0.13055114,-0.09213333,0.11049233,1.036589,-0.5783005,0.50044596,-0.25566253
2022-05-01,-0.6462959,0.072754666,-0.6269169,0.759848,1.1076447,0.09417343,1.2154171,0.27878076
2022-06-01,-1.1212437,-0.15978928,-0.93221664,0.54668313,0.6282776,-0.5966593,1.392545,0.14075013
2022-07-01,-0.27674103,-0.002380371,-0.4276909,1.1001648,-0.070035554,-0.7091917,-0.20602569,-0.1084526
2022-08-01,-0.55076253,0.55416185,-0.061875917,0.6833534,-1.2959923,-0.3858738,0.574221,-0.16692886
2022-09-01,-1.217117,0.4317711,-0.62453765,0.079214856,0.12035217,-0.17338829,0.4712078,0.05201645
2022-10-01,-0.9648544,-0.2169052,-0.15910912,0.7856865,0.5456627,-0.54668254,1.2667538,0.1523098
2022-11-01,0.23968354,0.00102005,-0.427351,0.1407505,1.4139637,-0.24920312,1.6040108,-0.14415017
2022-12-01,0.064935304,0.25294265,0.13871078,-0.62011796,1.6611267,-0.6238575,0.8067652,-0.49976653
