,ssta30_cluster1,ssta30_cluster2,ssta30_cluster3,ssta30_cluster4,ssta30_cluster5
1965-01-01,-3.7970639765262604,-361.94727420806885,-101.61356925964355,4.55572936269972,0.7742773635046823
1965-02-01,-3.5252762337525687,-409.47461128234863,-126.14250183105469,4.658794403076172,1.4522477558680944
1965-03-01,-0.42405103643735254,-385.1917505264282,-104.23049926757812,4.786108379010801,2.9346295765468056
1965-04-01,3.9403624832630157,-353.4290552139282,-75.38610458374023,5.534904753720318,6.776597159249443
1965-05-01,11.127244432767233,-213.49573135375977,5.671718716621399,5.503478977415297,8.714749472481865
1965-06-01,15.072582165400188,-84.053635597229,77.30177879333496,5.172307402999312,4.378667899540493
1965-07-01,13.845406969388327,3.2392315566539764,115.64964294433594,5.207402176327175,1.4390933513641357
1965-08-01,10.406751434008282,4.820045828819275,148.00057411193848,5.040593058974654,0.3007814075265612
1965-09-01,12.368221084276836,-24.37075972557068,147.0576286315918,5.427282607113873,2.4533132144383023
1965-10-01,13.394849499066671,-97.08293676376343,116.28623962402344,5.277034750691167,6.704594748360771
1965-11-01,8.934872349103292,-212.64379024505615,40.19421100616455,5.138411124547322,7.148557390485491
1965-12-01,1.7541418472925823,-289.57512378692627,-40.02491474151611,4.721232255299886,3.7852740287780766
1966-01-01,-2.9870525002479553,-331.83252811431885,-91.67191505432129,4.589308632744683,2.047675337110247
1966-02-01,-3.744901220003764,-381.858229637146,-103.54598045349121,5.22187661241602,2.4848054136548723
1966-03-01,-1.0449882596731186,-337.6880884170532,-77.21310615539551,5.726609848163745,3.913058894021171
1966-04-01,4.805364708105723,-315.5293941497803,-48.844237327575684,6.04022498484011,7.992484910147531
1966-05-01,11.519667506217957,-190.20529985427856,25.03695249557495,6.1909686636041705,8.737452370779856
1966-06-01,15.301201740900677,-72.64213562011719,82.72439956665039,5.863124573672259,5.353100640433175
1966-07-01,14.327839016914368,24.963076412677765,120.27016639709473,6.131437310466059,2.152489423751831
1966-08-01,12.108332912127178,55.00588417053223,163.34173202514648,5.46194005895544,0.44553071260452276
1966-09-01,13.790136575698853,7.78936967253685,154.75652694702148,5.532792983231721,2.9625725746154785
1966-10-01,14.09444808959961,-72.59125709533691,103.95703315734863,5.486128286079124,6.040355818612236
1966-11-01,6.68303370475769,-137.69326210021973,41.12828731536865,4.828869413446497,5.669405800955636
1966-12-01,-0.2513609516123931,-241.37661457061768,-36.5726113319397,4.209885111561528,2.277695962360927
1967-01-01,-4.980177680651347,-329.51436042785645,-98.20369720458984,4.495821838025694,0.07787105228219714
1967-02-01,-5.331975718339285,-397.3785877227783,-121.54751777648926,4.746247220922399,0.18838339618274144
1967-03-01,0.5603743717074394,-388.7244701385498,-112.68898963928223,5.311818696834423,4.188831193106515
1967-04-01,5.40423740943273,-327.093768119812,-77.74674415588379,6.205623238175003,8.186583518981934
1967-05-01,12.684855858484905,-199.99518394470215,-0.04958258010447025,6.617570144158822,10.524185044424875
1967-06-01,16.655440131823223,-61.01207733154297,66.06353282928467,6.284850835800171,6.825361251831055
1967-07-01,15.298720200856527,4.427940025925636,125.26938438415527,6.225726339552137,1.5788250310080394
1967-08-01,11.372558275858562,32.42145478725433,163.41510772705078,5.7766987217797165,0.15269628592899867
1967-09-01,13.250358899434408,-2.559303306043148,153.20785522460938,5.4795953962537975,1.1534753016063146
1967-10-01,13.661246498425802,-102.65426635742188,113.4139347076416,5.190064951225563,5.686450004577637
1967-11-01,7.259915769100189,-174.9050736427307,56.167731285095215,5.238024835233335,5.319314002990723
1967-12-01,2.093186477820079,-257.0169687271118,-36.949355602264404,5.014293282120316,2.5521792684282576
1968-01-01,-3.322308013836543,-327.84297466278076,-102.16604232788086,4.691587995599817,0.16123328890119282
1968-02-01,-5.55835763613383,-361.4812135696411,-132.9705047607422,4.704859963169804,0.6770426034927368
1968-03-01,-0.5567368119955063,-366.3311719894409,-104.4478702545166,5.4313229189978705,3.5020709037780766
1968-04-01,5.615474283695221,-337.5475883483887,-56.03076457977295,6.256778814174511,7.930175917489189
1968-05-01,12.26671834786733,-170.650053024292,23.063554763793945,6.24105864100986,9.443856648036412
1968-06-01,15.128213167190552,-98.10569882392883,66.64116382598877,5.688308786462854,6.150569234575545
1968-07-01,14.240007599194845,-41.75386130809784,108.21578025817871,5.641511413786146,1.7304677622658866
1968-08-01,9.568080306053162,22.716103494167328,127.57687568664551,5.076801114612155,0.24851807526179723
1968-09-01,11.573771635691326,-16.98659211397171,132.33549118041992,5.290579795837402,1.356154935700553
1968-10-01,12.326815724372864,-108.33014249801636,95.12191772460938,4.924209029586226,4.847899845668248
1968-11-01,6.72669013341268,-193.22837591171265,37.08009958267212,4.511502495518437,5.262845924922399
1968-12-01,1.4899103591839473,-280.10709285736084,-24.96713638305664,4.282340076234605,3.557172843388149
1969-01-01,-4.523143668969473,-319.87857818603516,-83.15485000610352,4.637026566046256,1.5128316198076521
1969-02-01,-6.110066672166189,-375.4188537597656,-119.93309020996094,4.943701735249272,0.49485849482672556
1969-03-01,0.25464026257395744,-399.3372440338135,-91.60545349121094,5.559318153946488,4.213164533887591
1969-04-01,8.441969752311707,-389.37697410583496,-68.82561206817627,6.502369156590214,9.499620710100446
1969-05-01,14.233192801475525,-222.16787338256836,8.217527866363525,6.863879053680985,10.891568320138115
1969-06-01,15.737998485565186,-101.15232467651367,70.71520328521729,6.552882106215865,5.8455610275268555
1969-07-01,13.787605365117392,-44.74739134311676,113.3195972442627,6.367256244023641,2.0767273221697127
1969-08-01,9.90207592646281,-7.151398807764053,149.80433464050293,6.595344455153853,-0.2879280916282109
1969-09-01,11.84023420015971,-45.04614174365997,135.56203842163086,6.532824922491002,2.1461302893502374
1969-10-01,12.409386038780212,-151.4981985092163,99.76221084594727,5.882539793297096,6.1718259538922995
1969-11-01,9.3655526638031,-230.03525733947754,29.55672264099121,5.3704802636747,6.740964480808803
1969-12-01,2.1278023719787598,-311.02843284606934,-37.92885065078735,5.072189260412145,3.2392440523420065
1970-01-01,-1.874330888191859,-371.7386245727539,-88.73621940612793,5.17532295650906,2.7259811333247597
1970-02-01,-3.017694503068924,-407.7596664428711,-99.0145206451416,5.431819624370998,2.6043873173849925
1970-03-01,0.6933107972145081,-398.43733310699463,-95.77163696289062,6.138954559961954,5.1981650079999655
1970-04-01,7.8442151347796125,-351.58820152282715,-45.0739860534668,6.588389034624453,9.96906008039202
1970-05-01,13.04102639357249,-223.2254981994629,18.963738679885864,6.544189762186121,10.375080789838519
1970-06-01,16.454461216926575,-109.7458004951477,71.80535316467285,6.526655179482919,5.911280768258232
1970-07-01,14.729754130045574,-8.870141208171844,124.43622589111328,6.595425252561215,1.402314135006496
1970-08-01,13.441986838976543,36.987680196762085,163.13373565673828,6.494539534604107,0.6705242821148464
1970-09-01,13.67395321528117,-39.754751324653625,158.55846405029297,6.183952534640277,1.9970216069902693
1970-10-01,13.28888734181722,-125.65174102783203,94.63922500610352,5.756497603875619,4.780813966478621
1970-11-01,8.688312768936157,-178.71853113174438,40.35599708557129,5.530661565286142,6.104268346514021
1970-12-01,3.09965784351031,-234.6418857574463,-16.309258937835693,5.222388770845201,3.709346226283482
1971-01-01,-2.5752509633700056,-321.1185932159424,-76.61477088928223,5.10850327986258,1.9010654517582486
1971-02-01,-2.4970230956872306,-391.39044284820557,-100.20883560180664,5.112725717050058,1.522843156542097
1971-03-01,0.68974985430638,-389.0211820602417,-83.92184257507324,5.589561109189634,4.267323017120361
1971-04-01,7.362269361813864,-337.62967586517334,-40.96132755279541,6.456123678772538,8.373771395002093
1971-05-01,14.79595998922984,-193.32501888275146,36.61308288574219,6.619710392422146,10.234618868146624
1971-06-01,17.250752449035645,-81.00199103355408,83.81360054016113,6.447296010123359,5.747316905430385
1971-07-01,13.96646499633789,-13.606470823287964,122.06669807434082,6.49466315905253,1.9111050878252303
1971-08-01,12.84079949061076,33.45474600791931,161.91692352294922,6.257847724137482,1.2599949325834003
1971-09-01,12.667861580848694,-14.380718767642975,135.33838272094727,5.989064772923787,2.8624507359095985
1971-10-01,12.675497929255169,-118.73575448989868,92.02488899230957,5.414493878682454,4.694137913840158
1971-11-01,8.15443644920985,-196.99512720108032,31.436526775360107,5.167688263787164,5.261295863560268
1971-12-01,2.471024791399638,-288.0941152572632,-30.07420301437378,5.095758923777828,4.141063349587577
1972-01-01,-2.649516612291336,-390.954852104187,-100.59462547302246,5.100807657948247,2.4686535767146522
1972-02-01,-5.598028997580211,-430.74235916137695,-135.1197338104248,5.0080897631468595,2.139739649636405
1972-03-01,-0.9838939954837164,-428.9141654968262,-119.24006462097168,5.206471240078961,3.8648077419825966
1972-04-01,6.05577031771342,-359.8118543624878,-65.50282001495361,5.935586602599532,8.474721227373395
1972-05-01,12.021852533022564,-221.73361778259277,-7.655278444290161,6.396589897297046,10.634697505405972
1972-06-01,15.626756350199383,-100.4328966140747,61.29781246185303,6.240791303140146,7.1633018766130725
1972-07-01,13.950324058532715,-44.80465650558472,111.74701690673828,5.764038032955593,2.4046046393258234
1972-08-01,10.021250446637472,12.573958933353424,140.22527694702148,5.49812670107241,0.9985337938581195
1972-09-01,11.574975649515789,-76.9243836402893,129.6233367919922,5.49380757190563,3.72506856918335
1972-10-01,12.605891625086468,-153.87980937957764,90.34004211425781,5.16414377424452,7.584697859627861
1972-11-01,7.722862561543783,-249.4868040084839,27.746450901031494,5.41627495377152,7.190876007080079
1972-12-01,0.9021936605374019,-354.1626453399658,-55.593199729919434,4.961146690227367,4.111969470977783
1973-01-01,-5.125351250171661,-424.2002487182617,-121.80633544921875,4.954909616046481,0.7601580449513027
1973-02-01,-5.393996338049571,-423.8014221191406,-130.7243251800537,5.23071046228762,1.132662296295166
1973-03-01,-1.2905680884917579,-422.1999168395996,-105.42471885681152,5.920290505444561,3.8596977506365096
1973-04-01,6.302814185619354,-372.73523807525635,-59.2326545715332,6.919372744030422,8.61011096409389
1973-05-01,12.615819772084555,-230.4447889328003,16.77543878555298,6.4745002322726775,9.243861607142858
1973-06-01,15.702328085899353,-111.2958550453186,58.220391273498535,6.1211599244011765,5.745165688650949
1973-07-01,13.390077153841656,-19.059763848781586,124.46416854858398,6.125894299259892,1.4105222054890225
1973-08-01,11.050864060719809,11.909612268209457,163.19175720214844,5.8141326462780984,-0.6866471256528582
1973-09-01,11.132612824440002,-44.90078091621399,142.1785831451416,5.805647593957406,0.6422244225229536
1973-10-01,13.735519846280416,-116.06031656265259,113.03958892822266,5.422196123335096,5.147511959075928
1973-11-01,7.824051876862844,-217.1539306640625,29.006590843200684,5.277442932128906,5.861104556492397
1973-12-01,1.8497634679079056,-288.19217681884766,-50.23020267486572,4.583411084281074,2.0872429438999722
1974-01-01,-2.4655207991600037,-373.08926582336426,-96.8634033203125,4.453158157843131,0.984323365347726
1974-02-01,-3.98337592681249,-394.390344619751,-119.8049259185791,4.797847403420342,1.331976056098938
1974-03-01,0.3085384766260783,-402.301549911499,-99.62404251098633,5.405396223068237,4.184665679931641
1974-04-01,6.820088128248851,-360.48924922943115,-47.731733322143555,5.765786435869004,8.851229803902763
1974-05-01,12.543911735216778,-229.60247993469238,7.607665657997131,6.174723307291666,9.417646953037808
1974-06-01,16.78592562675476,-134.94542837142944,72.6333236694336,6.2699949299847635,6.25190053667341
1974-07-01,13.612931966781616,-39.93307650089264,113.1129264831543,5.913488070170084,2.487072263445173
1974-08-01,11.622175574302673,4.11108061671257,158.93901824951172,5.777517071476689,0.3928052527563913
1974-09-01,12.749428550402325,-30.10282814502716,142.93264389038086,5.66271565578602,1.773545060838972
1974-10-01,13.529314597447714,-96.30547761917114,100.00691413879395,5.3325282202826605,5.186965124947685
1974-11-01,9.57549512386322,-200.5767822265625,43.3445930480957,5.05233053807859,5.404461111341204
1974-12-01,1.6791831701993942,-286.1639738082886,-27.904300689697266,4.806971549987793,2.9976626804896767
1975-01-01,-3.695761412382126,-360.37566661834717,-94.14809226989746,4.833797172263816,1.4373161111559187
1975-02-01,-5.045271913210551,-398.14655780792236,-124.9083137512207,4.982587805500737,1.4014200653348652
1975-03-01,-2.492607136567434,-404.0015697479248,-102.89907455444336,5.559941132863362,3.085275377546038
1975-04-01,4.514343539873759,-325.62413215637207,-53.77311706542969,6.090855156933819,7.583192416599819
1975-05-01,13.102692365646362,-197.98109531402588,32.058305740356445,6.293686230977376,9.27614620753697
1975-06-01,14.716664950052898,-50.167179107666016,56.6467809677124,5.938873909137866,6.709446225847517
1975-07-01,14.261372884114584,43.27492713928223,133.36403846740723,6.117023362053764,2.9895721163068503
1975-08-01,11.173598965009054,52.772921323776245,151.38693809509277,5.537564886940849,0.04171316112790789
1975-09-01,12.75624434153239,-15.439140796661377,157.49643325805664,6.061698772289135,2.440826892852783
1975-10-01,12.755575776100159,-128.09325456619263,90.57811737060547,5.600988423382794,4.140434605734689
1975-11-01,8.200116952260336,-220.6326723098755,35.10929822921753,4.846950151302196,4.701403549739293
1975-12-01,2.4995289742946625,-292.81272888183594,-38.45722675323486,4.646267935081764,2.950478281293597
1976-01-01,-2.8218045830726624,-343.66424083709717,-102.77752876281738,4.344999569433707,1.1502847501209805
1976-02-01,-2.972741425037384,-412.8110885620117,-121.40542984008789,4.707849688000149,1.9685138974870955
1976-03-01,0.5591468264659246,-420.5777645111084,-122.03168869018555,5.477059991271407,4.824506895882743
1976-04-01,6.542140742142996,-350.0419855117798,-63.73894214630127,6.289654307895236,8.416075706481934
1976-05-01,13.329443335533142,-239.73186016082764,12.795894145965576,6.330757670932345,9.801290375845774
1976-06-01,16.36630892753601,-117.80247688293457,67.25980281829834,5.981702716262252,6.488616807120187
1976-07-01,14.76517915725708,-34.71086323261261,109.39064025878906,5.919499308974654,2.4976180280957903
1976-08-01,11.181208491325378,32.603469491004944,146.1357879638672,5.297816020471078,0.31450697353907997
1976-09-01,11.588633060455322,-3.1231017783284187,138.4642505645752,5.065832535425821,0.6515743051256453
1976-10-01,12.45134969552358,-114.92652893066406,96.49255752563477,5.458476146062215,5.197548185076033
1976-11-01,8.319951593875885,-218.94450187683105,17.012958526611328,5.399371518029106,5.394456727164132
1976-12-01,0.763196994860967,-324.0530490875244,-48.67262840270996,4.868228567971124,2.688100167683193
1977-01-01,-3.5071206589539847,-398.82850646972656,-116.46280288696289,4.7549859241203025,1.4604236398424422
1977-02-01,-4.720054566860199,-423.3766555786133,-143.91432762145996,4.807696187937701,0.5623975396156311
1977-03-01,0.795393188794454,-413.4969711303711,-93.98750305175781,5.4074450775429055,3.959888390132359
1977-04-01,6.8365077177683515,-327.46386528015137,-52.72831916809082,6.771828730901082,8.085417066301618
1977-05-01,13.460240761439007,-213.86163234710693,12.502424716949463,6.495982187765615,10.16040188925607
1977-06-01,15.64600666364034,-79.2866051197052,73.91018390655518,6.01554446750217,5.997420719691686
1977-07-01,13.441306352615356,-29.311898350715637,101.93416595458984,5.992463341465703,1.6978006703513011
1977-08-01,10.687554876009624,-0.4547775723040104,143.312349319458,6.126921044455634,1.2900552579334805
1977-09-01,11.678741375605266,-65.19215106964111,126.48321151733398,6.062191945535165,1.6892705644880024
1977-10-01,13.977823654810589,-184.61424112319946,88.26976776123047,5.4950813452402745,6.231495993477958
1977-11-01,10.376642147699993,-253.09042930603027,26.629631519317627,5.005784608699657,5.987426894051689
1977-12-01,3.1540460884571075,-329.8149108886719,-40.115132331848145,4.615353213416205,4.218637602669852
1978-01-01,-2.6742520431677503,-379.6407699584961,-87.31093406677246,4.900534285439385,2.0164314338139127
1978-02-01,-4.61039940516154,-385.0494861602783,-97.19463348388672,5.051270458433363,0.875106794493539
1978-03-01,-1.5595863262812297,-367.8910732269287,-95.21217346191406,5.975221704553674,4.159397738320487
1978-04-01,6.638778249422709,-301.065468788147,-49.95213508605957,6.932909179616857,9.062442779541016
1978-05-01,13.607515891393026,-204.68904972076416,14.763264656066895,6.643488672044541,9.256935800824847
1978-06-01,15.717801451683044,-91.43999814987183,71.25598430633545,6.2167033001228615,4.920028959001814
1978-07-01,12.601111332575481,22.90976047515869,123.89201164245605,5.267784772095856,0.4764088136809213
1978-08-01,10.014329353968304,15.377962589263916,135.50297737121582,5.706550236101504,0.48055925539561684
1978-09-01,11.962416768074036,-41.84311032295227,125.52960395812988,5.691509555887293,2.4931909356798445
1978-10-01,13.012601931889852,-117.68416166305542,91.14846229553223,5.612694996374624,5.704590593065535
1978-11-01,6.9183409214019775,-234.71531867980957,15.098700523376465,5.211895483511465,6.167219706944057
1978-12-01,0.6708137691020966,-312.82713413238525,-49.46099281311035,5.1440949793215145,3.0253560202462335
1979-01-01,-3.804329534371694,-392.1856641769409,-96.51020050048828,4.78964227217215,2.1085327012198314
1979-02-01,-4.789147774378459,-366.797137260437,-108.35023880004883,5.2417755126953125,1.3934833662850517
1979-03-01,-1.1677696059147518,-385.2046251296997,-91.85212135314941,5.964520021721168,3.80805390221732
1979-04-01,5.898510416348776,-315.83244800567627,-50.020856857299805,6.598716091226648,8.430848802839007
1979-05-01,12.71322270234426,-206.94851875305176,13.765487670898438,6.38169248898824,10.322998591831754
1979-06-01,16.252896189689636,-84.586101770401,78.73119354248047,6.360831084074797,7.189216613769532
1979-07-01,12.879090507825216,-34.05490517616272,109.29428100585938,6.18926308773182,1.0267376048224313
1979-08-01,9.728937347730001,-2.5842074304819107,141.40106201171875,5.470690903840241,-1.6715334142957416
1979-09-01,12.262293696403503,-49.08543825149536,133.48347663879395,5.2226278516981335,1.8360326971326557
1979-10-01,12.350080410639446,-143.3367371559143,104.51024055480957,5.343461919713903,4.902865886688232
1979-11-01,8.028617004553478,-239.6312713623047,42.40060806274414,4.760353432761298,5.029668467385429
1979-12-01,0.07612151093780994,-308.176326751709,-36.02689266204834,4.665283803586607,2.211371489933559
1980-01-01,-4.438563684622447,-374.415922164917,-114.83563423156738,4.613583617740207,0.9336591618401664
1980-02-01,-4.909868538379669,-391.02463722229004,-139.43330764770508,4.822625716527303,1.7609652451106481
1980-03-01,-1.340162381529808,-398.7611770629883,-124.37674522399902,5.254437967582985,3.155106135777065
1980-04-01,5.608885983626048,-346.90098762512207,-56.418609619140625,5.568133018634937,7.595725740705218
1980-05-01,14.548055330912273,-245.8331823348999,14.491583108901978,6.635826605337637,10.914617947169713
1980-06-01,17.72501071294149,-112.34594583511353,71.26858234405518,6.51309468128063,5.548504761287145
1980-07-01,12.92275885740916,8.00827145576477,139.6793556213379,6.443469171170834,1.8805931295667377
1980-08-01,10.144490003585815,36.03149652481079,155.20288467407227,6.102547159901372,0.21800890564918518
1980-09-01,11.20481590429942,-59.227585792541504,144.12355422973633,5.994244637312712,1.8987533024379186
1980-10-01,12.943452596664429,-145.37464380264282,106.68815612792969,5.648092649601123,5.985721860613142
1980-11-01,9.790942072868347,-211.22965812683105,37.05359697341919,5.407373993485062,6.659104483468193
1980-12-01,1.5133182207743328,-288.4052038192749,-50.78147888183594,4.8489217404966,3.489435740879604
1981-01-01,-3.0826417108376822,-346.88830375671387,-102.59629249572754,4.648543507964522,1.95551872253418
1981-02-01,-4.105982929468155,-392.2024965286255,-109.5517635345459,4.980888410850807,2.0444018500191827
1981-03-01,0.25036701311667764,-392.05849170684814,-96.79634094238281,5.78426475878115,4.657958575657436
1981-04-01,7.599610586961111,-310.34562587738037,-41.47714614868164,6.5071573963871705,8.489234106881279
1981-05-01,12.93112337589264,-202.29852199554443,4.1633376479148865,6.935718765965214,9.770841598510742
1981-06-01,15.40184219678243,-69.15723085403442,62.01805114746094,6.33694948973479,5.7219212395804275
1981-07-01,12.185448408126831,22.620561718940735,108.49764823913574,6.1182103775165695,0.8964432988848006
1981-08-01,10.755967100461325,54.00223135948181,155.5148983001709,5.98739915423923,0.02802762602056776
1981-09-01,13.100424408912659,6.38381764292717,146.14665985107422,5.876511776888812,2.304511410849435
1981-10-01,13.492344816525778,-79.73002195358276,99.98515129089355,5.82526546937448,6.177870205470494
1981-11-01,6.869248549143474,-189.27937746047974,33.855178356170654,5.064498495172571,5.260534627096994
1981-12-01,0.3365732729434967,-270.0669765472412,-37.106332778930664,4.337708155314127,2.0113066264561246
1982-01-01,-4.421352843443553,-331.7649841308594,-88.43380928039551,4.390081984025461,0.5526970114026751
1982-02-01,-4.1339543958505,-381.1786651611328,-131.09967231750488,4.753653429172656,2.0739425931658064
1982-03-01,-0.5336318785945575,-398.44586849212646,-135.76162338256836,5.631604680308589,4.516448974609375
1982-04-01,4.355121155579885,-337.8502368927002,-71.2059736251831,6.836785652019359,8.423760959080289
1982-05-01,12.457534670829773,-205.3373098373413,10.386050939559937,7.362180506741558,10.992022923060826
1982-06-01,16.896329323450725,-65.00722169876099,81.24305725097656,6.535942024654812,6.739749908447266
1982-07-01,15.353554487228394,1.4736046083271503,119.23125267028809,6.050006548563639,3.048463548932757
1982-08-01,11.831258734067282,30.086910724639893,126.73640251159668,6.004271242353651,0.8949210814067297
1982-09-01,12.649285793304443,3.5936348140239716,140.7497787475586,5.4988271660274926,3.2800885609218056
1982-10-01,14.184212684631348,-113.13028335571289,100.52105903625488,5.581416024102104,6.584860256740026
1982-11-01,6.94007674853007,-231.4443826675415,-0.879986360669136,5.4499162567986374,6.350692340305874
1982-12-01,-1.0484969864288967,-325.91679096221924,-88.98585319519043,4.98308296556826,3.1524893215724403
1983-01-01,-6.358841558297476,-385.1248025894165,-132.7467441558838,4.79285286532508,0.408711348261152
1983-02-01,-7.088173925876617,-413.68303298950195,-170.21034240722656,5.079195565647549,1.0269138642719815
1983-03-01,-3.2331936061382294,-410.6250286102295,-159.90716934204102,5.767685174942017,3.6618801525660927
1983-04-01,1.4785697062810264,-336.12284660339355,-95.69832801818848,6.475282377666897,6.575301034109933
1983-05-01,12.42315669854482,-199.11528825759888,2.6368650794029236,7.028469995216087,10.238477161952428
1983-06-01,16.24120672543844,-78.91188263893127,67.15896606445312,6.795356891773364,7.614748818533761
1983-07-01,15.279052654902141,26.659497618675232,118.11343193054199,6.809878570062143,3.9518560682024275
1983-08-01,12.000107765197754,28.763628005981445,135.2241325378418,6.423804715827659,2.858903408050537
1983-09-01,13.665078083674114,-26.88101828098297,119.75106239318848,6.150669521755642,1.897805758884975
1983-10-01,12.577919165293377,-113.9912486076355,70.13054847717285,5.794778797361586,4.70266274043492
1983-11-01,6.244024634361267,-200.97692012786865,26.835780143737793,5.333858949166757,5.591175215584892
1983-12-01,-0.19924847098688286,-301.1634111404419,-33.004422187805176,4.81242471271091,2.33805707522801
1984-01-01,-6.4337412516276045,-375.6312131881714,-101.81913375854492,4.446079223244278,0.06908723286220006
1984-02-01,-8.102479080359142,-414.0927791595459,-127.7530574798584,4.141914182239108,-1.6423669883183072
1984-03-01,-2.9568344354629517,-422.2005367279053,-104.78764533996582,5.149202435104935,1.9439968041011266
1984-04-01,6.457075973351797,-353.72254848480225,-61.3700532913208,5.914671995021679,7.527120453970773
1984-05-01,12.777254978815716,-245.17138004302979,-4.879072606563568,6.0505416658189555,9.661203793116979
1984-06-01,14.571337898572287,-96.43401503562927,57.62218952178955,6.052314572864108,3.6944607325962613
1984-07-01,11.076778173446655,2.771478518843651,126.85973167419434,5.368459445458871,0.20829388073512486
1984-08-01,9.64847207069397,19.16871815919876,131.71417236328125,5.199003440362436,-1.7852388109479633
1984-09-01,8.567661046981812,-10.501116514205933,123.36394309997559,5.249415503607856,-0.14524525829723903
1984-10-01,9.64461664358775,-75.5112886428833,88.00874710083008,5.491030657732928,4.842723097120013
1984-11-01,6.613486508528392,-194.48946714401245,29.927387237548828,5.414859895352964,5.2073155130658835
1984-12-01,1.5482609470685325,-313.2910966873169,-40.79578399658203,5.244807843808775,3.514223439352853
1985-01-01,-4.615475734074911,-364.8461103439331,-86.98068618774414,4.919321227956701,1.0346884386880058
1985-02-01,-3.6898901065190635,-405.6121349334717,-115.66819190979004,5.062364648889612,1.3306588785988944
1985-03-01,0.41909500335653627,-426.8477439880371,-119.21527862548828,5.9168190867812545,4.171632698604039
1985-04-01,6.385083496570587,-358.0918788909912,-57.25123882293701,6.577378511428833,9.062044961111887
1985-05-01,12.820692857106527,-207.09848403930664,25.155837535858154,6.503319961053354,9.33410576411656
1985-06-01,14.343840877215069,-60.10146737098694,85.59837341308594,5.488870099738792,2.516445772988456
1985-07-01,11.208759744962057,-36.527836322784424,111.08960151672363,5.571051659407439,0.4745849967002869
1985-08-01,9.779613216718039,39.42348659038544,153.68874549865723,5.606051506819548,0.28466673833983286
1985-09-01,11.32131318251292,-21.323925256729126,143.995361328125,5.820531315273708,2.2383761405944824
1985-10-01,11.415227254231771,-117.36681461334229,93.84156227111816,5.28126977108143,4.680182252611433
1985-11-01,7.314587136109671,-212.15238571166992,38.82809638977051,4.8561873259367765,5.663155147007534
1985-12-01,0.8945034816861153,-305.70294857025146,-42.54024028778076,4.91996893176326,2.3399995054517473
1986-01-01,-5.107846359411876,-358.6122751235962,-104.85291481018066,4.499638742870754,-0.3197935436453138
1986-02-01,-5.119105676809947,-408.6719512939453,-128.0347442626953,5.236416613614117,0.5541547281401499
1986-03-01,-1.2357216328382492,-413.9674186706543,-119.6004581451416,5.273556709289551,4.2566173417227615
1986-04-01,6.017496188481649,-350.02543926239014,-64.50372695922852,5.8672874062149605,8.803364208766393
1986-05-01,12.176445126533508,-215.98684787750244,13.638931512832642,6.31684109016701,11.132613590785436
1986-06-01,16.12766186396281,-71.79175019264221,80.54519653320312,6.092442627306338,5.482579299381801
1986-07-01,11.816573143005371,-0.36572020035237074,128.62994194030762,5.5861901353906696,-0.8091809068407332
1986-08-01,8.716023961702984,58.51846933364868,173.26168060302734,5.218221964659514,-1.014085752623422
1986-09-01,10.111398498217266,39.62115943431854,146.93264961242676,4.899648825327555,1.1874697038105557
1986-10-01,9.273706873257956,-118.06634664535522,112.75612831115723,5.170253029576054,4.860022068023682
1986-11-01,6.301349401473999,-229.01687622070312,28.995635509490967,5.744352826365718,5.917720794677734
1986-12-01,-0.8461387827992439,-351.0693311691284,-60.417537689208984,5.435433211149992,2.8369859286717007
1987-01-01,-6.433790922164917,-401.8465518951416,-114.00567054748535,4.776407833452578,0.3918234791074481
1987-02-01,-5.3806692361831665,-423.5534191131592,-121.8364143371582,5.283047976317229,-0.18705702253750395
1987-03-01,-1.8694425622622173,-420.51568031311035,-101.12499237060547,5.43646702059993,2.6159974506923134
1987-04-01,4.261520504951477,-401.0054588317871,-73.33055019378662,5.976631464781584,7.360870497567314
1987-05-01,11.895203590393066,-262.567400932312,13.621079921722412,6.765386131074693,11.060758999415807
1987-06-01,16.017131010691326,-111.06374263763428,67.79247283935547,6.058554516898261,5.088933876582555
1987-07-01,15.249625841776531,-9.28574874997139,111.24733924865723,5.9439535494203914,1.5342189584459578
1987-08-01,11.974592010180157,25.577962398529053,159.6713924407959,5.665479324482105,2.211827380316598
1987-09-01,11.523787180582683,-61.60431504249573,128.75487327575684,5.661649394918371,3.340073994227818
1987-10-01,12.720802426338196,-156.95332288742065,94.35020446777344,5.521848687419185,6.106170926775252
1987-11-01,8.366924524307251,-252.24249362945557,21.912147998809814,5.283000513359352,5.9861877986363
1987-12-01,0.5351902917027473,-322.485089302063,-45.64241409301758,5.214620961083306,3.7483957835606168
1988-01-01,-2.2359651823838553,-394.2579746246338,-104.82361793518066,4.756453081413551,2.2436235632215227
1988-02-01,-3.009888033072154,-441.5255546569824,-132.6558780670166,5.305982519079137,2.387251002447946
1988-03-01,-0.4638358950614929,-418.0201530456543,-111.65021896362305,6.045873297585381,4.748945236206055
1988-04-01,6.7078689734141035,-334.8649740219116,-62.63145446777344,6.493813903243453,9.268380573817662
1988-05-01,12.955074508984884,-238.77294063568115,16.45230770111084,6.267042071731002,8.047488757542203
1988-06-01,16.175582011540733,-49.01785850524902,69.35574531555176,6.380373239517212,5.017780917031425
1988-07-01,15.59110184510549,25.17249286174774,128.60015869140625,6.461328709567034,2.0632689339773997
1988-08-01,12.702163060506185,21.233050525188446,170.1638412475586,6.211048364639282,0.9910557099751064
1988-09-01,14.62875505288442,-44.12781298160553,150.61460494995117,5.7025324415277545,1.8656204427991596
1988-10-01,13.4079913298289,-120.65982818603516,109.08417701721191,5.58535478733204,4.888663632529123
1988-11-01,8.853955070177715,-219.032621383667,50.68777561187744,5.400999387105306,5.716718946184431
1988-12-01,3.1764854987462363,-303.1208276748657,-39.28628206253052,5.138758156034681,3.656791618892125
1989-01-01,-3.0861717959245047,-394.7502851486206,-112.46641159057617,4.673839498449254,1.1744374888283866
1989-02-01,-3.5882122814655304,-416.4566993713379,-141.7252540588379,4.879708422554864,1.5019161360604423
1989-03-01,-1.232233022650083,-408.4657669067383,-118.21575164794922,5.765802551198888,3.920520714351109
1989-04-01,4.211249947547913,-329.573392868042,-71.78478717803955,6.202562208528872,7.305868012564523
1989-05-01,10.550417502721151,-200.73952674865723,6.890215873718262,6.0434080936290595,9.333053316388812
1989-06-01,14.59097961584727,-98.31015467643738,57.520108222961426,5.833941256558453,4.627977439335415
1989-07-01,12.583203117052715,25.516611337661743,133.5927677154541,5.676742836281105,0.8800277539661953
1989-08-01,9.95850960413615,58.01548361778259,173.2540512084961,5.262778644208555,-0.018011070787906647
1989-09-01,12.214293082555136,-4.926908016204834,143.27512741088867,5.5850302731549295,2.315018687929426
1989-10-01,13.82063627243042,-96.68669700622559,103.91719818115234,5.135949673476042,6.0687255859375
1989-11-01,9.55274800459544,-189.46536779403687,44.02199745178223,5.439025384408456,6.8186010633196155
1989-12-01,2.618748446305593,-298.4998941421509,-42.90182113647461,4.984349233132821,4.5703438350132535
1990-01-01,-2.976815650860469,-370.79124450683594,-102.97518730163574,5.098785515184756,2.0673808029719765
1990-02-01,-2.396048853794734,-411.1754894256592,-128.36783409118652,5.410293296531394,3.386737278529576
1990-03-01,-1.1037784318129222,-407.61141777038574,-116.5789794921875,6.202021793082908,5.147402627127511
1990-04-01,4.824252426624298,-356.2260866165161,-76.89641952514648,6.6127443755114514,8.522297995431083
1990-05-01,12.71243194739024,-241.38364791870117,0.121848089620471,6.742662412148935,9.104687145778112
1990-06-01,14.8354172706604,-111.40931844711304,71.30229473114014,5.990856885910034,3.940753255571638
1990-07-01,12.90444036324819,-0.6381842773407698,139.19651985168457,6.139000919130113,0.9767050402505058
1990-08-01,9.77315107981364,3.354068100452423,152.79584884643555,5.513497193654378,0.5680185556411743
1990-09-01,11.46174172560374,-33.72330367565155,134.32305335998535,5.753789566181323,1.8427853924887523
1990-10-01,11.960969368616741,-98.21097254753113,104.9412727355957,5.531404195008454,4.3487153734479636
1990-11-01,8.175604542096456,-187.23183870315552,41.962571144104004,5.589972822754471,5.584014483860561
1990-12-01,0.8113129064440727,-282.93049335479736,-25.722215175628662,5.178170954739605,3.0504015513828824
1991-01-01,-4.886767268180847,-364.6132230758667,-84.06079292297363,4.983866656268084,1.30828857421875
1991-02-01,-4.593483110268911,-408.5230827331543,-124.4147777557373,5.60745221597177,1.188215698514666
1991-03-01,-0.9862968698143959,-434.4526767730713,-126.03026390075684,6.446989598097624,3.8489222526550297
1991-04-01,5.26714026927948,-351.1106491088867,-74.87807273864746,6.798016804235952,9.107086999075754
1991-05-01,10.852071642875671,-247.00927734375,-25.654215812683105,6.997521497585155,10.748127528599332
1991-06-01,13.68498702843984,-99.32367205619812,22.72876739501953,5.870638511798999,4.925911085946219
1991-07-01,11.58218284447988,16.39038622379303,88.43355178833008,6.545326886353669,1.3164204359054565
1991-08-01,9.08392071723938,60.798847675323486,129.44103240966797,6.329959410208242,-0.4280250838824681
1991-09-01,10.141898194948833,-11.384239047765732,124.72885131835938,5.8923988430588325,1.0745229039873396
1991-10-01,10.763905445734661,-71.38137221336365,80.0459098815918,5.578769357116133,4.878531864711217
1991-11-01,6.412618855635325,-201.99708938598633,27.8362774848938,5.294630041828862,4.970790318080358
1991-12-01,0.3261992086966833,-297.0816373825073,-47.222633361816406,4.755927235991866,2.478351593017578
1992-01-01,-4.779918988545736,-368.51789951324463,-125.79756736755371,4.551576685022424,1.3104401315961567
1992-02-01,-5.837036669254303,-420.85251808166504,-160.5204963684082,4.75357969601949,1.0952418191092355
1992-03-01,-3.0572844048341117,-423.1117248535156,-156.2249755859375,5.619044657106753,2.618910414831979
1992-04-01,3.809169928232829,-372.42138385772705,-90.59199333190918,6.624276328969884,6.6821248190743585
1992-05-01,12.09521492322286,-256.1619281768799,-3.261016607284546,6.804646606798525,9.547713143484934
1992-06-01,16.03511472543081,-84.3385398387909,63.12227249145508,6.60815989529645,6.6563694817679275
1992-07-01,13.556328415870667,1.7006700858473778,102.07463264465332,6.172871148144757,3.0891605785914833
1992-08-01,11.455268661181133,8.444462716579437,134.05494689941406,5.513235374733253,0.22065992866243636
1992-09-01,12.731772661209106,-5.963578820228577,140.29403686523438,5.669213224340368,1.8082533563886372
1992-10-01,12.84372905890147,-120.5323338508606,89.83384132385254,5.44576953958582,4.79076521737235
1992-11-01,7.939406236012777,-205.5539608001709,27.45307207107544,5.367499810677987,5.661922522953579
1992-12-01,2.2974764307339988,-299.46186542510986,-49.908156394958496,4.81117257365474,4.037509645734515
1993-01-01,-2.112816522518794,-378.62932682037354,-119.47800636291504,4.737553110829106,1.9501008306230818
1993-02-01,-2.243362863858541,-419.7721481323242,-140.93420028686523,4.787284798092312,2.5769988128117154
1993-03-01,-0.03790884899596374,-423.9555358886719,-125.99201202392578,5.253258457890263,3.751330375671387
1993-04-01,4.436526695887248,-357.2200059890747,-70.12533664703369,6.129561971735071,7.06394944872175
1993-05-01,11.216760675112408,-231.6105604171753,1.2174710631370544,6.413826456776372,10.05133833203997
1993-06-01,15.123181541760763,-95.37118673324585,74.27714347839355,6.2215880111411765,6.348226411002023
1993-07-01,14.868837594985962,-21.84934765100479,132.80734062194824,5.959771297596118,2.869495323726109
1993-08-01,12.571890155474346,40.30325412750244,160.4720115661621,5.58334677307694,1.0220038039343697
1993-09-01,12.151320775349935,-27.04905867576599,140.2356243133545,5.5492401123046875,1.0401451587677002
1993-10-01,13.700997829437256,-127.10075378417969,104.85625267028809,5.409183546348854,4.7998738288879395
1993-11-01,7.416524986426036,-218.90668869018555,19.893105030059814,5.084536693714282,5.552728176116943
1993-12-01,0.718128929535548,-349.10192489624023,-47.1735954284668,4.665075849603723,2.890521458217076
1994-01-01,-2.7952196697394056,-398.0755805969238,-93.41054916381836,4.637327459123399,0.8255376134599959
1994-02-01,-4.521578550338745,-426.4225482940674,-117.04182624816895,5.036500206700078,0.518624952861241
1994-03-01,0.47303143267830217,-418.3112621307373,-112.84741401672363,5.534223936222217,3.5248395374843056
1994-04-01,6.611936291058859,-331.86004161834717,-52.51780986785889,6.5520220332675505,8.595669610159739
1994-05-01,13.277276357014975,-200.2182960510254,7.435665726661682,6.48406081729465,10.442278725760325
1994-06-01,14.78537420431773,-94.18336153030396,81.30605697631836,6.405525075064765,4.415473937988281
1994-07-01,11.717010537783306,-16.437631845474243,102.01650619506836,6.296552110601354,-0.04236886543887002
1994-08-01,10.060003399848938,23.787084221839905,142.18695640563965,5.53869781670747,-1.3110585723604475
1994-09-01,11.813787619272869,-6.276264041662216,141.0046100616455,4.913297847465232,1.1001079423086983
1994-10-01,11.74115240573883,-74.8522400856018,92.09772109985352,4.995351588284527,6.228580474853516
1994-11-01,8.358206351598104,-183.5038423538208,34.807190895080566,4.777162163345902,5.859204019818987
1994-12-01,1.1211607605218887,-293.44518184661865,-60.59080123901367,4.700244135326809,3.013095515114921
1995-01-01,-5.047801633675894,-364.9208068847656,-114.37994003295898,5.072810473265471,0.055437992726053514
1995-02-01,-5.587509771188101,-381.7481756210327,-125.30736923217773,5.064250363243951,0.8644710268293109
1995-03-01,-3.088744729757309,-393.20106506347656,-115.86678504943848,5.140493313471476,4.033224582672119
1995-04-01,4.430678983529409,-339.84577655792236,-73.49010467529297,6.618503067228529,7.612717492239816
1995-05-01,11.347371339797974,-176.1859655380249,4.1533684730529785,6.567503125579268,9.728766168866839
1995-06-01,14.827679594357809,-51.776665449142456,75.74746131896973,6.241253791032014,5.968025752476284
1995-07-01,12.815436720848083,0.4993999842554331,101.98692321777344,6.076331712581493,1.6692931311471122
1995-08-01,10.897843043009441,41.33521318435669,145.56310653686523,5.8397028181287975,0.9531327656337194
1995-09-01,12.20711370309194,15.621018409729004,129.76536750793457,6.015309360292222,2.01566253389631
1995-10-01,14.124559362729391,-108.53692293167114,89.26628112792969,5.755106166557029,5.737636429922921
1995-11-01,8.514050642649334,-189.32220935821533,23.229987621307373,5.1295900786364514,5.565946442740304
1995-12-01,1.0360910246769588,-288.9507293701172,-57.10704326629639,4.52608377845199,3.776125226702009
1996-01-01,-4.3658047914505005,-357.8047752380371,-109.17471885681152,4.1830917199452715,2.554318223680769
1996-02-01,-4.883195459842682,-393.92802715301514,-114.73902702331543,4.563196941658302,2.079352310725621
1996-03-01,0.4148753359913826,-413.5141849517822,-102.50720977783203,5.371617829358136,5.066615172794887
1996-04-01,6.573390960693359,-372.43051528930664,-56.604065895080566,6.470682665153785,7.914487974984306
1996-05-01,13.309844334920248,-197.4551796913147,39.44045305252075,6.522527668211195,9.689601489475796
1996-06-01,14.8423304160436,-90.1140034198761,91.2026596069336,6.0161561877639205,5.105701855250768
1996-07-01,12.667464216550192,17.525145411491394,150.46796798706055,6.009471637231332,0.7292291947773525
1996-08-01,8.429384231567383,38.32528293132782,172.99976348876953,5.809053889027348,-1.9714132377079556
1996-09-01,10.989348093668621,-9.286738187074661,153.3919620513916,5.890676931098655,0.41168532201222013
1996-10-01,10.727780063947042,-118.55695247650146,94.00561332702637,5.334946623554936,3.7093203408377513
1996-11-01,5.184373756249746,-208.6322784423828,18.984986543655396,5.277081992891099,4.139189720153809
1996-12-01,-0.21882556999723118,-287.7178192138672,-49.150166511535645,4.7989977730645075,2.372880152293614
1997-01-01,-4.880733291308085,-360.03270149230957,-95.12997627258301,4.835821081090856,0.6954658457211086
1997-02-01,-5.6549906730651855,-408.4376811981201,-124.84390258789062,4.823814277295713,0.8903144938605173
1997-03-01,-1.3491250574588776,-412.51025199890137,-126.84910774230957,5.851230797944245,3.975434303283692
1997-04-01,4.475511610507965,-354.3748378753662,-76.11715316772461,6.633521450890434,8.579863139561246
1997-05-01,11.235554019610088,-209.26730632781982,6.8568354845047,6.069646941290961,9.063010215759277
1997-06-01,15.577591458956402,-65.53415060043335,89.8372745513916,6.54692495310748,7.535730770656041
1997-07-01,13.825662930806478,3.489251062273979,127.5953483581543,6.077859357551292,2.9608607292175293
1997-08-01,11.505650480588278,31.83833658695221,135.68946838378906,5.784420613889341,1.1611603839056832
1997-09-01,12.38412658373515,-56.17469549179077,130.81188201904297,5.163760096938521,2.75931647845677
1997-10-01,12.218053142229717,-100.27763843536377,98.26556205749512,3.632662914417408,6.425899778093611
1997-11-01,7.418327530225119,-214.22739028930664,19.270864725112915,3.0051577974248813,6.834372792925154
1997-12-01,-1.4694197724262874,-321.9738483428955,-62.37490177154541,3.4279509826942722,3.927503994532994
1998-01-01,-5.896754066149394,-400.4337787628174,-122.36510276794434,4.390497340096368,2.702626841408866
1998-02-01,-6.428761780261993,-446.62303924560547,-138.26995849609375,4.942342087074562,2.9210250718253
1998-03-01,-3.299334396918615,-436.79447174072266,-121.04179382324219,5.8266591142725055,4.804064886910575
1998-04-01,6.230525175730388,-345.01354694366455,-63.3689546585083,7.401226626502143,9.066228866577148
1998-05-01,14.165730277697246,-210.4328155517578,10.149116516113281,7.57927762137519,10.434915678841728
1998-06-01,16.794510682423912,-46.45590782165527,99.53851699829102,7.04352060953776,7.054164069039482
1998-07-01,13.210808237393698,13.799183070659637,138.88910293579102,6.680624573319046,1.7976129055023196
1998-08-01,11.914245287577312,60.588663816452026,184.39502716064453,6.572496670263784,1.0892361402511597
1998-09-01,13.360030452410381,-12.57728785276413,170.92222213745117,6.246607833438449,1.4286841664995467
1998-10-01,14.98037576675415,-109.13195610046387,118.47158432006836,5.80328901608785,3.455767972128732
1998-11-01,9.766186277071636,-201.14126205444336,52.3917293548584,5.1769347102553755,4.764632156917028
1998-12-01,3.4865669906139374,-291.61205291748047,-3.859010338783264,5.037787004753395,3.747000694274903
1999-01-01,-1.516831417878469,-358.47272872924805,-57.16507434844971,4.654044795919347,1.0517027548381261
1999-02-01,-2.739055951436361,-372.3750352859497,-90.29223442077637,5.115540601589061,1.0575936521802631
1999-03-01,0.7192290077606838,-360.1062297821045,-88.60578536987305,5.646580457687378,4.080815996442523
1999-04-01,8.210854232311249,-319.206166267395,-41.658711433410645,5.862863637782909,7.6099634170532235
1999-05-01,13.573605815569561,-234.6081018447876,27.242531776428223,6.1123920811547165,7.223052297319685
1999-06-01,15.23477335770925,-89.47951197624207,108.73937606811523,5.923415554894341,4.411487238747733
1999-07-01,12.982504566510519,16.460154950618744,150.41424751281738,5.895191872561419,1.0474462168557304
1999-08-01,10.803982615470886,73.97168278694153,179.12973403930664,6.036513381534152,-0.05802096000739507
1999-09-01,12.368736664454143,-14.398331940174103,159.45597648620605,5.9831544204994485,1.5201449394226074
1999-10-01,15.06661077340444,-88.88810873031616,120.1870346069336,5.600524169427377,5.052890096391951
1999-11-01,9.512226780255636,-220.16825675964355,42.89620399475098,5.424846322448165,6.346748897007534
1999-12-01,2.172761658827464,-305.4967403411865,-45.986337661743164,4.862881148302996,3.6836835316249306
2000-01-01,-2.9041777054468794,-366.9846773147583,-96.51924133300781,4.766337739096747,1.5044793060847692
2000-02-01,-4.911240935325623,-390.3561592102051,-132.75879859924316,4.7891075964327205,0.5908106054578509
2000-03-01,-1.245645061135292,-395.40812969207764,-119.13408279418945,5.564237744719893,2.792094605309623
2000-04-01,7.252267003059387,-295.1638460159302,-44.6690559387207,5.684582392374674,7.853025027683803
2000-05-01,14.133824904759726,-198.3403205871582,25.13244390487671,6.692281034257676,8.367021424429758
2000-06-01,15.308643380800884,-84.04749631881714,86.84744834899902,6.523731902793601,3.9536254746573314
2000-07-01,13.32080066204071,34.0131938457489,145.87173461914062,6.08372688293457,0.8969873189926149
2000-08-01,11.062837640444439,51.57099962234497,183.25716018676758,5.730464061101277,0.8486497402191162
2000-09-01,11.818000674247742,7.652080804109573,137.0867919921875,5.82425108662358,1.475904498781477
2000-10-01,14.981078108151754,-109.38085317611694,96.9690990447998,5.603487182546544,5.335318361009871
2000-11-01,8.938750624656677,-212.90860176086426,29.342684745788574,5.588776314700091,6.427479471479144
2000-12-01,0.5117230738202732,-307.476806640625,-44.322471618652344,5.111142220320525,3.6400696209498817
2001-01-01,-4.408886035283407,-368.37401390075684,-102.90395736694336,4.870562641708939,0.33115203891481676
2001-02-01,-5.462903281052908,-401.4677047729492,-126.42758369445801,4.832399332964862,0.5889961549213955
2001-03-01,-1.1095656702915828,-388.7021064758301,-96.20218276977539,5.442990859349568,3.8407714026314874
2001-04-01,6.887641549110413,-336.63084506988525,-40.50199508666992,6.414553412684687,8.379346983773369
2001-05-01,12.472556034723919,-189.404559135437,25.03807306289673,6.417866106386538,9.352828434535436
2001-06-01,13.57802152633667,-86.54319047927856,81.44036293029785,5.96262393174348,2.819328478404454
2001-07-01,10.802391171455383,6.427342444658279,131.1632537841797,6.017826221607349,-0.2736591654164451
2001-08-01,9.665582577387493,55.69472312927246,168.89690399169922,6.074219721334951,-0.7412070887429374
2001-09-01,11.77181601524353,-12.084240466356277,144.16964530944824,5.5263152828922975,1.929142304829189
2001-10-01,12.819069623947144,-105.13156652450562,111.76237106323242,5.289838269904807,4.612294605800084
2001-11-01,8.691222469011944,-214.01395797729492,39.34614181518555,5.260195997026231,5.285028048924038
2001-12-01,3.9953872561454773,-310.461688041687,-25.196969509124756,5.559024104365596,4.092310496738979
2002-01-01,-2.095110466082891,-379.4478416442871,-88.43806266784668,5.336547118646127,1.634065934589931
2002-02-01,-5.7293420036633815,-403.7391185760498,-114.98584747314453,5.1519012009655984,0.09086317249706814
2002-03-01,-0.573280950387319,-380.8889865875244,-86.97439193725586,5.899486276838514,3.039749349866595
2002-04-01,6.352943181991577,-342.85430908203125,-45.33900737762451,6.94900596583331,8.14267635345459
2002-05-01,13.167397181193035,-242.30749607086182,27.26930856704712,6.5905597474839945,7.328685351780483
2002-06-01,15.841809908548992,-111.56840324401855,89.83149528503418,6.6464092996385356,3.8036646161760603
2002-07-01,13.131710886955261,9.36063677072525,142.32903480529785,6.5189460913340245,0.6879007390567236
2002-08-01,9.966715176900228,39.68249261379242,161.1947250366211,6.180954862523961,-0.879792400768825
2002-09-01,9.529529015223186,-3.080306574702263,140.7762622833252,6.339073843426174,2.216759068625314
2002-10-01,13.342708349227905,-81.07715249061584,109.6660041809082,6.141556633843315,6.726410048348564
2002-11-01,8.232483267784119,-192.1818494796753,25.841104984283447,5.436866150961982,6.102401188441686
2002-12-01,1.8044923742612204,-332.03132152557373,-49.76822376251221,5.652532091847172,3.9538437979561945
2003-01-01,-4.132618506749472,-386.51814460754395,-110.18630027770996,5.074680513805813,0.09256787598133087
2003-02-01,-4.24196074406306,-414.2825126647949,-125.60013771057129,5.5497767748656095,1.537125791822161
2003-03-01,-0.20505345116058987,-435.3367328643799,-119.5247745513916,6.220572966116445,4.1708380835396905
2003-04-01,7.180381814638774,-403.3935070037842,-66.705322265625,6.868091777518943,8.50815909249442
2003-05-01,12.308963139851889,-242.77968406677246,4.960922300815582,6.656261947419908,10.23545128958566
2003-06-01,15.293553471565247,-129.80501651763916,82.57926940917969,6.812878670515837,7.02199867793492
2003-07-01,13.64268958568573,-42.008793354034424,123.82223129272461,6.2253009389947955,1.1278773205620902
2003-08-01,10.1406862338384,33.346208930015564,165.19001007080078,5.9047297195152,-1.3151325498308455
2003-09-01,10.319401820500692,-14.033986628055573,139.79887008666992,5.938450495402018,0.23972996643611363
2003-10-01,11.73306405544281,-78.84523868560791,101.3534164428711,5.460049929442229,4.5090024811880935
2003-11-01,6.722696125507355,-202.15845108032227,11.848605871200562,5.364486243989732,4.718736921037947
2003-12-01,0.2577347370485465,-300.65083503723145,-56.84159755706787,4.948768350813124,2.598737307957241
2004-01-01,-3.636419276396434,-344.6317672729492,-92.87619590759277,5.409984014652393,1.126947317804609
2004-02-01,-4.9019575119018555,-377.7299642562866,-116.76243782043457,5.463973460374055,0.9535408020019532
2004-03-01,0.8560861150423686,-371.5040922164917,-98.43347549438477,6.128626620327984,3.6571986334664484
2004-04-01,6.578298409779867,-331.34193420410156,-58.313422203063965,7.022904245941727,8.289034026009697
2004-05-01,13.742081324259441,-212.63651847839355,13.7565016746521,6.372981601291232,7.4270459583827435
2004-06-01,15.479836861292522,-88.89246582984924,73.7114429473877,6.299643825601648,2.7907623563494
2004-07-01,12.461121877034506,-24.962934851646423,131.24341011047363,5.820396652928105,-0.08715366146394185
2004-08-01,9.153981010119121,42.97950863838196,156.92614555358887,6.026500463485718,-1.7573171002524242
2004-09-01,11.057120561599731,-10.932119190692902,136.25550270080566,5.717246179227476,1.3263783284596036
2004-10-01,11.728244026501974,-101.51050090789795,106.19511604309082,5.8128796241901535,5.085651533944267
2004-11-01,7.724001010258993,-197.98372983932495,47.58174419403076,5.244892173343234,5.042137759072441
2004-12-01,2.1303462485472364,-316.53637886047363,-56.37604236602783,4.9623694684770365,2.642737797328404
2005-01-01,-3.8826266924540205,-383.266806602478,-121.1320972442627,4.685340325037638,0.49942536013466976
2005-02-01,-5.923118193944296,-425.203800201416,-142.5619888305664,5.592525446856463,0.7807144096919469
2005-03-01,-1.316231613357862,-428.90052795410156,-124.36985969543457,6.153841151131523,3.7229200771876747
2005-04-01,6.585642198721568,-346.7830419540405,-72.76795864105225,6.888024012247721,8.143495832170759
2005-05-01,13.559430837631226,-207.67734050750732,5.239218473434448,6.950484823297571,10.381941795349121
2005-06-01,17.33162601788839,-81.35966658592224,74.27175521850586,6.408754763779816,5.66469703401838
2005-07-01,13.053828477859497,10.187885165214539,118.57331275939941,6.032837320257116,0.43797250304903307
2005-08-01,10.403890411059063,62.75534629821777,155.09214401245117,6.109301469944141,-0.15065336866038187
2005-09-01,11.941413084665935,1.27340666949749,139.5722198486328,6.093906914746319,1.194137590272086
2005-10-01,12.349098920822144,-77.2442638874054,98.42676162719727,5.36317472104673,4.7086559023175925
2005-11-01,7.98609604438146,-188.21566104888916,26.250455379486084,4.999902954807988,5.823319298880441
2005-12-01,0.044296010552595064,-281.662917137146,-33.29601526260376,4.408426196486861,2.1236978258405412
2006-01-01,-4.891793926556906,-379.33735847473145,-102.65591621398926,4.263771573702494,0.21355995110103063
2006-02-01,-3.4732595086097717,-426.5501022338867,-126.93290710449219,4.732112531308775,0.7302512441362654
2006-03-01,0.30156271532177925,-400.6976127624512,-108.0604076385498,5.69426417350769,3.31772974559239
2006-04-01,5.666002134482066,-342.0013904571533,-52.41965293884277,6.218719261663931,7.903525488717216
2006-05-01,12.327904502550762,-213.02874088287354,35.92576265335083,6.908051835166083,9.824964659554619
2006-06-01,14.592091242472332,-37.23379075527191,103.72518539428711,6.6275497277577715,5.3258408818926135
2006-07-01,11.493257681528728,9.123186022043228,122.29020118713379,5.960252108397307,-0.05542108522994178
2006-08-01,8.70502789815267,73.33919405937195,157.7267360687256,5.800491792184335,0.20312411444527764
2006-09-01,12.693134943644207,-3.9932940155267715,148.74528884887695,5.294721877133404,2.076385532106672
2006-10-01,13.193119565645855,-88.5635495185852,105.51392555236816,5.228115673418398,5.637429441724505
2006-11-01,8.974766731262207,-182.25181102752686,42.97926425933838,5.151753072385435,6.499780246189663
2006-12-01,0.468911478916804,-315.8802032470703,-73.25109004974365,4.918470647599961,3.6033337456839427
2007-01-01,-4.554071029027304,-379.3787717819214,-131.37649536132812,4.540922906663682,1.240907737186977
2007-02-01,-4.405406614144644,-407.57179260253906,-133.6349868774414,4.846890546657421,2.8826294626508444
2007-03-01,-1.0749038308858871,-416.2994384765625,-115.64180374145508,5.6859740504512075,4.84731708254133
2007-04-01,7.086803515752157,-375.78210830688477,-62.14334011077881,6.509192784627278,8.750901903424944
2007-05-01,14.142057299613953,-228.14371585845947,35.49740791320801,6.977707589114154,10.454297065734863
2007-06-01,16.13020400206248,-74.11861419677734,92.3344898223877,6.472579858921192,6.083243915012905
2007-07-01,14.380805691083273,-10.567925870418549,131.97422981262207,6.236124921728063,2.05850430897304
2007-08-01,12.398059169451397,56.04751110076904,174.71624374389648,6.1343186431460905,1.6074476923261372
2007-09-01,14.591080943743389,27.62841284275055,159.8256015777588,6.0973842938741045,2.963958467755999
2007-10-01,12.649939457575481,-84.13667678833008,108.97865295410156,5.826057990392049,5.874120848519462
2007-11-01,9.419775009155273,-202.12247371673584,40.12343406677246,5.601205428441365,5.897864614214217
2007-12-01,2.6313714683055878,-308.93518924713135,-33.88617753982544,5.203498072094387,3.4077222006661554
2008-01-01,-4.057668149471283,-384.722375869751,-109.7861385345459,5.2470143194551815,1.6519653797149658
2008-02-01,-7.7911461393038435,-421.1782932281494,-147.21254348754883,5.2428364753723145,-0.15010989138058253
2008-03-01,-2.298174798488617,-400.3652095794678,-112.48863220214844,5.221278137630886,2.2903432164873396
2008-04-01,5.787024398644766,-309.6761703491211,-51.183528900146484,5.81849217414856,6.8234886441911975
2008-05-01,12.71158258120219,-202.42681503295898,25.26451349258423,5.997285357228032,8.571803229195732
2008-06-01,14.529304703076681,-98.4203577041626,69.0737771987915,6.225877337985568,4.304202965327672
2008-07-01,11.385234196980795,8.350776880979538,123.98824691772461,5.969995922512478,0.4633791106087821
2008-08-01,9.270883599917095,59.36216115951538,150.9892463684082,5.799359083175659,-0.5982181855610439
2008-09-01,11.71942452589671,6.949914246797562,139.424409866333,6.022783561989113,2.093087775366647
2008-10-01,12.741899490356445,-94.59362626075745,90.37616729736328,6.143126002064458,5.339850698198592
2008-11-01,7.261966665585836,-212.10975646972656,16.337214708328247,5.528246031867133,4.836728913443429
2008-12-01,1.3853499044974646,-302.5089979171753,-56.45504951477051,4.861257694385669,2.111656836100987
2009-01-01,-3.2934650778770447,-374.86467361450195,-117.55949974060059,4.511744115087721,0.582965442112514
2009-02-01,-3.761735061804454,-406.39872550964355,-133.6927318572998,4.665556660404912,1.0226592847279141
2009-03-01,0.09856352116912603,-402.02174186706543,-113.8111400604248,5.73546047563906,3.7604447773524696
2009-04-01,5.620532731215159,-368.69142055511475,-68.19702625274658,6.3287737192931,7.648433276585171
2009-05-01,11.99791133403778,-229.2405128479004,16.313564777374268,6.637123558256361,9.219789505004883
2009-06-01,15.065177281697592,-93.82379055023193,79.41634178161621,6.23251994450887,6.262237685067314
2009-07-01,12.812522053718567,0.8074692450463772,117.85512924194336,6.12546889870255,1.3973625217165266
2009-08-01,11.145678162574768,2.336645871400833,135.5102252960205,5.794041686587863,0.8841087136949812
2009-09-01,12.953458229700725,-26.04828178882599,133.12965393066406,5.752530804386845,2.2831547260284424
2009-10-01,12.01530396938324,-93.60278248786926,84.10525321960449,6.137554071567676,5.131245681217739
2009-11-01,6.990814705689749,-197.61024713516235,29.871115684509277,5.71201311217414,5.367415973118374
2009-12-01,0.28345510363578796,-308.97371768951416,-55.41798114776611,5.250259019710399,3.9293878419058665
2010-01-01,-4.539496699968974,-356.44919872283936,-95.02864837646484,4.848429450282344,0.7971301249095373
2010-02-01,-5.246300995349884,-407.6239585876465,-112.47146606445312,5.468336741129557,1.2451048408235823
2010-03-01,0.2942407503724098,-410.733699798584,-84.58244323730469,6.109888465316207,4.65700490134103
2010-04-01,7.993931074937185,-352.28285789489746,-45.37209510803223,6.955509274094193,9.288426807948522
2010-05-01,14.95282550652822,-209.9442481994629,20.616374015808105,7.342858667726869,10.024565287998746
2010-06-01,15.709795554478964,-11.081038415431976,96.47245407104492,6.795690457026163,5.608444895063128
2010-07-01,14.394470055898031,69.70851421356201,137.66854286193848,6.36975676925094,2.1083196571895058
2010-08-01,13.04265558719635,94.64226961135864,171.79973602294922,6.389601804591991,0.15757758702550617
2010-09-01,13.657812277475994,10.599560290575027,160.5344009399414,6.243373950322469,1.61934494972229
2010-10-01,14.426762859026592,-90.78724980354309,119.56192016601562,5.7267133836393,4.78346518107823
2010-11-01,9.545257687568665,-186.26720905303955,45.46473026275635,5.379221615967927,6.0213341031755725
2010-12-01,1.688718671600024,-243.23663711547852,-28.808083534240723,4.925881271009092,2.502032518386841
2011-01-01,-4.378783702850342,-330.7251214981079,-91.09201431274414,4.520123645111366,0.10944560170173646
2011-02-01,-4.775784909725189,-390.9801959991455,-122.30000495910645,4.815557047172828,0.10346761771610806
2011-03-01,-1.1820835371812186,-407.63354301452637,-115.3136157989502,5.576530209294072,2.51129150390625
2011-04-01,6.128395100434622,-344.5389986038208,-63.06739330291748,6.1944606127562345,6.986487252371652
2011-05-01,12.704554200172424,-211.15915775299072,22.638182640075684,6.439520473833437,9.456791196550641
2011-06-01,14.812011520067852,-49.490344524383545,84.39175605773926,6.408759841212519,5.355898652757918
2011-07-01,13.209101557731628,55.955713987350464,135.95008850097656,6.1866358474448875,2.1915199075426375
2011-08-01,11.831563711166382,61.525505781173706,165.78472137451172,6.378011129520557,1.8968280724116735
2011-09-01,12.717002630233765,-18.707475066184998,146.93804740905762,6.066424096072161,2.4069293907710487
2011-10-01,13.724506894747417,-116.00399017333984,92.92645454406738,6.496655720251577,6.452080181666783
2011-11-01,9.233454863230389,-258.5430383682251,14.657396078109741,6.473939727853845,6.079643113272531
2011-12-01,2.1456368267536163,-349.7324228286743,-71.81177616119385,5.741613441043429,3.5418707983834405
2012-01-01,-3.946829090515773,-388.263463973999,-116.04188919067383,5.098833419658519,1.128705484526498
2012-02-01,-7.276227076848349,-437.385892868042,-145.41107177734375,5.055011201787877,0.3538106169019427
2012-03-01,-3.744841367006302,-446.4418411254883,-144.2566204071045,5.558863171824703,2.0881027834756036
2012-04-01,4.782498379548391,-328.81362438201904,-69.74330425262451,6.588821720193933,7.696454184395927
2012-05-01,11.850877602895102,-144.16953325271606,23.61090660095215,6.65942629178365,10.461932591029576
2012-06-01,14.283789197603863,-31.568104028701782,79.75794315338135,6.187333442546703,5.157010895865304
2012-07-01,12.236736218134563,6.0693249106407166,131.35658264160156,6.321645886809737,2.380040713718959
2012-08-01,9.990912675857544,65.97566604614258,156.56810760498047,6.358838081359863,2.5670697007860457
2012-09-01,12.41234342257182,-5.820158496499062,144.45306777954102,6.003029258162886,3.3754559925624306
2012-10-01,13.035754362742107,-55.18673658370972,104.38858032226562,6.157201528549194,6.95880344935826
2012-11-01,8.327803512414297,-167.08492040634155,37.24761962890625,5.514841609530978,6.320952687944685
2012-12-01,1.041029083232085,-283.37690830230713,-44.70933437347412,5.191981571692007,4.256949084145682
2013-01-01,-4.176448285579681,-367.7683115005493,-105.56447982788086,5.071484159540247,1.5363969121660506
2013-02-01,-5.872206886609396,-401.5408992767334,-120.68181991577148,5.17043184351038,0.8334359952381679
2013-03-01,-1.2836626420418422,-395.38185596466064,-101.26639366149902,6.228270354094328,4.003537722996303
2013-04-01,5.185213188330333,-325.42874813079834,-51.01707458496094,6.703831531383373,8.165827478681292
2013-05-01,12.412551045417786,-179.12023067474365,9.233267307281494,6.430019934972127,8.559576443263463
2013-06-01,14.979251225789389,-62.5401496887207,68.78073692321777,5.91932976687396,2.1506474699292863
2013-07-01,10.797028740247091,15.19775390625,137.23182678222656,5.724505141929344,-1.0574036836624146
2013-08-01,8.725558718045553,22.022676467895508,151.75904273986816,5.494019278773555,-0.8374970299857004
2013-09-01,11.878312627474468,-2.238052152097225,138.45027923583984,5.554497021215933,1.9704110281808036
2013-10-01,13.463388880093893,-110.58734655380249,75.8201789855957,5.908567154849017,5.780841963631767
2013-11-01,7.9487765828768415,-205.22923469543457,14.376202821731567,5.612661661925139,6.4897836957659045
2013-12-01,0.8741447081168493,-314.2441749572754,-60.77624320983887,4.79708954139992,3.0509560448782787
2014-01-01,-6.5032124519348145,-374.9274015426636,-120.2679443359375,4.607911794273941,0.027415270784071515
2014-02-01,-7.398839294910431,-421.24571800231934,-134.53325271606445,5.010592275195651,-0.08475735251392638
2014-03-01,-3.2646981378396354,-405.6515693664551,-103.65275382995605,5.6963419472729715,2.8021618298121864
2014-04-01,5.596729119618734,-345.37956714630127,-47.41689682006836,6.208256659684357,7.764839444841658
2014-05-01,12.788827220598858,-167.66786575317383,36.44106149673462,6.7072243602187545,9.824151992797852
2014-06-01,15.305768450101217,-56.441473960876465,91.59476280212402,6.312063446751347,4.81736251286098
2014-07-01,12.50450114409129,21.371063590049744,138.86308670043945,5.847077899509006,0.08724239255700793
2014-08-01,9.870576858520508,63.629549741744995,152.4038314819336,5.829429847222787,-1.021677681377956
2014-09-01,11.767932772636414,13.201114535331726,143.23214530944824,5.784287496849342,1.2596757071358817
2014-10-01,13.262291749318441,-126.51582956314087,96.95616722106934,5.773880305113615,6.026585442679269
2014-11-01,7.575055460135142,-253.14054489135742,9.953943490982056,5.138138930002848,5.538356304168701
2014-12-01,1.1103056371212006,-334.52792167663574,-57.346415519714355,5.128425801241839,2.6211600644247874
2015-01-01,-4.252789914608002,-380.10008335113525,-105.48974990844727,4.766633554741188,-0.742983136858259
2015-02-01,-5.094673732916514,-408.66808891296387,-113.0923843383789,4.960434525101273,-0.4061978629657201
2015-03-01,-2.3352444171905518,-408.1011772155762,-105.01373291015625,5.916973617341783,2.7975486006055563
2015-04-01,5.354938904444377,-358.72089862823486,-59.8071813583374,6.540207509641293,8.188963617597308
2015-05-01,13.00244927406311,-210.50539016723633,20.21449089050293,6.849590054264775,9.392055783952985
2015-06-01,14.268459876378378,-56.975144147872925,88.7982177734375,6.650536590152316,4.384258474622454
2015-07-01,10.829853018124899,34.11658704280853,124.91806030273438,6.225372023052639,0.09839070694787162
2015-08-01,9.626320997873943,58.04315805435181,168.76897811889648,5.90890645980835,0.8453702926635742
2015-09-01,12.355632583300274,8.25589895248413,143.46899032592773,5.593720851121125,3.5731884411403114
2015-10-01,13.623644908269247,-107.85832405090332,101.80381774902344,5.663204634631121,6.871777262006487
2015-11-01,7.880333562692007,-256.5438985824585,19.045852422714233,5.490201932412607,6.207378251211984
2015-12-01,0.061043553675214454,-343.4055805206299,-69.73498344421387,5.311240973295988,2.726663521357945
2016-01-01,-4.86633578936259,-393.25809478759766,-118.88713836669922,5.230193005667792,0.7510916675840106
2016-02-01,-5.6285371383031215,-417.83409118652344,-137.32759475708008,5.152888872005321,-0.050196519919804165
2016-03-01,-0.37249714757005375,-403.8949966430664,-105.77625274658203,6.064094658251162,4.595741203853063
2016-04-01,4.982258379459381,-341.02165699005127,-65.2491044998169,7.156186854397808,8.287370545523508
2016-05-01,12.861955165863037,-196.26567363739014,27.37079381942749,6.864729854795668,8.592448234558105
2016-06-01,14.342451095581055,-68.6971127986908,78.11324119567871,5.949391259087456,3.28669582094465
2016-07-01,11.732332905133566,8.550231158733368,138.95066261291504,5.736220765996862,-1.9219013622828893
2016-08-01,10.286837816238403,71.64638042449951,168.86402130126953,5.402893931777388,-1.161080939429147
2016-09-01,11.875409881273907,-2.661694958806038,149.25564765930176,4.973057243559095,-0.3183521330356598
2016-10-01,11.521740754445394,-118.58211755752563,83.65928649902344,4.9984044498867455,3.594240120479039
2016-11-01,5.861129860083262,-254.17165756225586,25.013058185577393,4.805417193306817,4.300602504185268
2016-12-01,0.7795732468366623,-354.1471004486084,-54.91810321807861,4.337529782895689,2.8113724504198347
2017-01-01,-3.8871136804421744,-398.38526248931885,-106.03913307189941,4.0141795520429255,0.5568380440984454
2017-02-01,-6.0929348071416225,-429.55594062805176,-145.5548858642578,4.289675973079822,0.21113548960004536
2017-03-01,-2.7064986526966095,-413.23227882385254,-124.45250511169434,5.051069127188788,2.8643424170357843
2017-04-01,4.179420073827108,-352.9971122741699,-55.408267974853516,5.689606401655409,7.5960138865879605
2017-05-01,11.99064354101817,-218.28157901763916,28.727941513061523,6.376404894722832,9.277911186218262
2017-06-01,15.098042289415996,-87.21437454223633,82.71058082580566,5.978858470916748,4.405298914228167
2017-07-01,10.740527510643005,11.056860536336899,139.98791694641113,6.0504946443769665,0.045382673186915266
2017-08-01,10.067580143610638,73.01254272460938,167.24584579467773,5.838730379387184,0.051771540726934163
2017-09-01,12.77994712193807,42.879700660705566,155.5053424835205,5.751436507260357,1.9145391668592182
2017-10-01,13.624265789985657,-116.39429330825806,108.64895820617676,5.9745486135835995,5.554378713880267
2017-11-01,7.744992276032766,-187.12587356567383,39.56289052963257,5.56031620060956,5.777944156101772
2017-12-01,-0.6789002567529678,-284.23566818237305,-51.28565311431885,5.106416234263667,1.6521826812199185
2018-01-01,-5.341435472170512,-358.91754627227783,-102.1087646484375,4.673375686009725,-0.8956231389726912
2018-02-01,-5.568483968575796,-408.4136962890625,-117.5395393371582,5.333466662300957,-0.02944523468613625
2018-03-01,-0.33567768211166066,-399.5347261428833,-78.58039379119873,5.899625795858877,3.42909608568464
2018-04-01,6.920448442300161,-337.74967193603516,-45.0015926361084,6.509512883645517,8.263728959219797
2018-05-01,12.781054774920147,-173.4972596168518,18.58243703842163,6.711846590042114,8.815594400678362
2018-06-01,14.928931991259258,-67.8466796875,94.93326187133789,6.327148499312224,2.92142357145037
2018-07-01,11.72220011552175,70.46006917953491,133.44470977783203,5.962644020716349,-1.0760432481765747
2018-08-01,8.167314032713573,55.02331852912903,148.28813552856445,5.49577827806826,-2.3032775947025845
2018-09-01,9.549984335899353,7.303620874881744,148.65681648254395,5.93093125908463,1.4554216180528914
2018-10-01,11.964807907740276,-92.21940636634827,108.25895309448242,5.62491946750217,4.15853568485805
2018-11-01,7.3606496055920925,-207.93402194976807,22.20715045928955,5.226479415540342,5.474302087511336
2018-12-01,0.37332940846681595,-306.32646083831787,-47.799386978149414,5.1290587142661765,2.824500288282122
2019-01-01,-5.550362169742584,-369.787859916687,-102.74262428283691,4.565390061449121,-0.004780753515660763
2019-02-01,-8.124304314454397,-403.84182929992676,-124.7978687286377,4.9531024915200685,-0.22628537246159147
2019-03-01,-4.813052217165629,-393.178129196167,-128.287992477417,5.596206144050315,2.4248072079249794
2019-04-01,4.470920066038768,-340.68777561187744,-76.56988143920898,6.444385316636827,7.26339408329555
2019-05-01,10.82364022731781,-183.96857976913452,2.7172961831092834,6.700880880709048,10.131100927080428
2019-06-01,14.950610200564068,-17.31010526418686,107.74235725402832,6.643641215783578,5.966862269810268
2019-07-01,12.809802095095318,14.715065062046051,132.87985801696777,6.4156326982710095,1.2715140410831998
2019-08-01,10.418553153673809,36.67561411857605,156.72060012817383,6.013922558890449,-0.16302593052387238
2019-09-01,12.966611981391907,-26.897627115249634,153.36103439331055,5.47675093015035,1.5411276476723808
2019-10-01,13.252227505048117,-96.52246832847595,113.91419410705566,5.004310387152212,6.83060782296317
2019-11-01,6.876359383265178,-197.3030924797058,30.349102020263672,4.695299598905775,5.951038088117327
2019-12-01,0.004583150439430028,-307.6244831085205,-44.83273506164551,4.828916214130542,3.2732762609209334
2020-01-01,-6.484948098659515,-358.59203338623047,-104.86015319824219,5.107690007598311,1.7035412788391113
2020-02-01,-7.907538115978241,-394.7251558303833,-133.18123817443848,5.096021184214839,1.0331898076193673
2020-03-01,-4.659948746363322,-386.0236167907715,-110.77160835266113,5.751337828459563,3.157097271510533
2020-04-01,4.65713789065679,-339.6519184112549,-60.33474922180176,6.711603094030309,7.763917105538505
2020-05-01,13.421604037284851,-220.97012996673584,16.637513637542725,6.384212661672521,9.854610988071988
2020-06-01,16.78099036216736,-67.37796664237976,92.28146553039551,6.40755847648338,5.819294793265207
2020-07-01,16.069093346595764,22.33179360628128,149.059476852417,6.488514167291147,2.247988155909947
2020-08-01,13.345956802368164,2.969321608543396,162.23068237304688,6.459242546999896,0.22262639233044218
2020-09-01,15.421539545059204,-11.577193439006805,152.53132820129395,6.298880886148523,1.9256969860621862
2020-10-01,13.443149129549663,-98.65090847015381,107.13255882263184,5.889768732918633,5.717159679957799
2020-11-01,7.351161042849223,-192.36794710159302,37.50295400619507,5.871364805433485,5.371541976928711
2020-12-01,0.5378200983007749,-319.86491680145264,-41.92640781402588,5.387507103107593,3.0240689005170553
2021-01-01,-5.763551592826843,-377.48916149139404,-96.8278980255127,5.251142934516624,-0.25328742606299265
2021-02-01,-5.000689625740051,-396.7177152633667,-106.68498992919922,5.434576449570832,-0.24732972894396102
2021-03-01,1.3947675625483196,-410.60781478881836,-94.44527626037598,5.799014700783623,3.6856082507542203
2021-04-01,8.534244696299236,-316.2682771682739,-41.80379390716553,6.185320130100957,8.429572241646904
2021-05-01,15.061174829800924,-199.88662004470825,49.1534948348999,6.9360130363040495,8.621768951416016
2021-06-01,15.391430258750916,-48.16909432411194,105.62207221984863,6.26587117159808,3.540957995823452
2021-07-01,13.243093093236288,45.51165699958801,155.8105182647705,6.007702703829165,1.2747006756918773
2021-08-01,10.601788759231567,74.17004108428955,178.12854766845703,5.933029121822781,0.09193018078804016
2021-09-01,12.616260846455893,7.929221540689468,152.66316413879395,6.112389432059394,1.2640126262392317
2021-10-01,13.433661063512167,-106.5964937210083,102.31742858886719,6.023344287165888,4.545341219220843
2021-11-01,7.504158715407054,-226.27177238464355,34.85993146896362,5.327711061195091,5.243562970842635
2021-12-01,1.3568460941314697,-304.43358421325684,-32.96461582183838,5.204213990105523,3.1563687324523926
2022-01-01,-4.349072277545929,-361.28785610198975,-98.35801124572754,5.179601686972158,1.177703482764108
2022-02-01,-5.995999276638031,-388.62786293029785,-122.5240707397461,5.458065315529152,0.32789483666419983
2022-03-01,-0.35520143186052644,-394.1341161727905,-101.64461135864258,5.582640126899436,3.1333303451538086
2022-04-01,8.726686239242554,-331.5791130065918,-44.81056213378906,6.94910067099112,8.89033113207136
2022-05-01,13.37449351946513,-228.64699363708496,-2.8451260924339294,6.498827095384951,8.70368140084403
2022-06-01,15.114312370618185,-82.72327184677124,84.58168029785156,6.2110499099448875,3.8520138604300365
2022-07-01,13.11570405960083,5.266639590263367,137.64352798461914,6.03243245018853,-0.9520203726632255
2022-08-01,11.380813519159954,66.74935817718506,170.21041870117188,5.890115543648048,-1.1743392263139998
2022-09-01,13.518649339675903,9.830442070960999,154.13198471069336,5.744036921748409,0.9485453367233277
2022-10-01,13.63240381081899,-77.32385396957397,112.33295440673828,5.312332400569209,4.027623789651053
2022-11-01,8.916253844896953,-196.43869400024414,50.362396240234375,4.859849479463365,5.520596163613456
2022-12-01,2.3856617510318756,-293.9608573913574,-23.176069259643555,4.5779097963262485,3.117659432547433
