,vo850_cluster1,vo850_cluster2,vo850_cluster3,vo850_cluster4,vo850_cluster5,vo850_cluster6,vo850_cluster7
1965-01-01,1.2476681e-05,-3.0847492e-05,2.7493807e-06,-2.5113412e-05,-3.8371873e-06,4.4368586e-05,4.4135275e-05
1965-02-01,7.334849e-06,-3.301909e-05,4.409485e-06,-3.946208e-05,-2.230925e-06,5.1726875e-05,3.7449998e-05
1965-03-01,1.1695985e-05,-2.9860406e-05,6.8546797e-07,-2.2214961e-05,-2.9218863e-06,6.761002e-05,4.12458e-05
1965-04-01,5.728587e-06,-3.8860853e-05,6.764967e-07,-1.1294185e-05,-4.1871535e-06,6.73767e-05,2.8718758e-05
1965-05-01,8.061703e-06,-3.28127e-05,3.0096126e-06,5.3575422e-05,-4.7076173e-06,0.00012513928,2.5676734e-05
1965-06-01,8.896241e-06,-3.0515475e-05,4.2928295e-06,7.9428144e-05,-4.0794694e-06,0.00013505502,1.6469901e-05
1965-07-01,6.984883e-06,-4.2925858e-05,6.8546797e-07,8.183305e-05,-3.621819e-06,0.00014877554,1.6380167e-05
1965-08-01,6.2041872e-06,-4.5590998e-05,3.1083182e-06,7.2123694e-05,-6.852293e-06,0.00015917586,3.16531e-05
1965-09-01,7.936076e-06,-5.926664e-05,1.3495082e-06,5.1089755e-05,-5.9369922e-06,0.00015249057,3.8149934e-05
1965-10-01,2.0584193e-06,-4.4711596e-05,2.8480863e-06,1.0017931e-05,-5.299873e-06,0.00013221939,4.0850962e-05
1965-11-01,4.5261404e-06,-2.7374743e-05,-2.56754e-07,-3.5316312e-05,-4.1333114e-06,9.3974224e-05,3.7207712e-05
1965-12-01,6.042661e-06,-1.5439953e-05,1.4751422e-06,-1.821277e-05,-4.5012275e-06,5.3790784e-05,3.3447806e-05
1966-01-01,9.993739e-06,-2.4638313e-05,9.752293e-07,-1.9033316e-05,-6.096194e-06,6.453658e-05,2.7916705e-05
1966-02-01,1.0164822e-05,-2.3139306e-05,4.193218e-06,-3.1840093e-05,-4.0024643e-06,6.0471328e-05,3.083326e-05
1966-03-01,1.371683e-05,-3.1367577e-05,3.1096934e-06,-9.11051e-06,-5.2652213e-06,5.1208415e-05,3.817353e-05
1966-04-01,8.323645e-06,-3.3607947e-05,3.2563366e-06,-8.760198e-06,-4.849735e-06,6.956316e-05,1.6723e-05
1966-05-01,5.6759345e-06,-2.585219e-05,3.0852534e-06,5.1241e-05,-1.1184966e-06,0.00012181675,4.54353e-06
1966-06-01,5.9203376e-06,-3.8129423e-05,2.2868662e-06,8.650851e-05,-5.49333e-06,0.00016580948,3.0507388e-05
1966-07-01,8.315499e-06,-3.4764795e-05,2.8815812e-06,9.607285e-05,-3.2285207e-06,0.00015650583,2.2979744e-05
1966-08-01,2.8897302e-06,-3.7257712e-05,5.064925e-06,8.00318e-05,-6.0798993e-06,0.00015191919,3.0979903e-05
1966-09-01,7.5904354e-06,-4.268348e-05,1.814351e-06,4.836518e-05,-7.489296e-06,0.00015755677,4.092715e-05
1966-10-01,5.2930372e-06,-5.1628675e-05,3.7236532e-07,1.840124e-05,-4.1246676e-06,0.0001338007,4.120414e-05
1966-11-01,5.309328e-06,-5.5799836e-05,1.781762e-06,-3.85775e-05,-2.2590502e-06,8.239437e-05,3.5590994e-05
1966-12-01,8.038507e-06,-3.962029e-05,2.5720037e-06,-9.126805e-06,-3.7336213e-06,6.0446888e-05,3.001858e-05
1967-01-01,8.961866e-06,-3.638577e-05,2.2407257e-06,-4.5336594e-05,-5.049864e-06,5.7894642e-05,4.147678e-05
1967-02-01,8.408453e-06,-3.5968704e-05,2.2647873e-06,-2.259059e-05,-2.844241e-06,6.4270906e-05,4.012934e-05
1967-03-01,2.9385046e-06,-4.2842235e-05,2.0161533e-06,-2.7314636e-05,-3.100893e-06,6.872225e-05,3.9832586e-05
1967-04-01,3.5102858e-08,-2.836532e-05,1.462744e-06,-2.4074376e-05,-5.4348457e-06,7.3911484e-05,3.2341482e-05
1967-05-01,2.4412366e-06,-4.4702974e-05,-8.52051e-08,3.8741804e-05,-5.8358673e-06,0.00013165071,3.2381584e-05
1967-06-01,5.521091e-06,-5.9203958e-05,2.601646e-06,9.603189e-05,-5.859929e-06,0.00015051482,9.394971e-06
1967-07-01,3.098914e-06,-5.4969154e-05,-2.0020925e-06,0.00010026669,-3.1650561e-06,0.00016524839,2.6518635e-05
1967-08-01,7.0882015e-07,-3.421223e-05,6.2059553e-07,9.968922e-05,-5.875969e-06,0.0001825084,3.802798e-05
1967-09-01,6.927803e-07,-4.207227e-05,3.1229756e-06,6.865809e-05,-8.915722e-06,0.00016670811,3.8950337e-05
1967-10-01,5.8338883e-06,-3.499021e-05,1.0697404e-06,-4.0602026e-07,-4.416248e-06,0.00011455914,3.2509914e-05
1967-11-01,5.015805e-06,-3.3562574e-05,1.0216172e-06,-4.8320202e-05,-4.3039618e-06,7.501831e-05,4.365032e-05
1967-12-01,5.360682e-06,-2.3873865e-05,1.2381715e-06,-1.5380207e-05,-4.664882e-06,2.9518284e-05,3.4033797e-05
1968-01-01,5.50002e-06,-4.6490553e-05,-6.5100176e-07,-3.1387513e-05,-4.8850634e-06,3.9623777e-05,3.9242248e-05
1968-02-01,8.775605e-06,-3.1275842e-05,3.443478e-06,-4.552277e-05,-2.5958798e-06,5.972395e-05,3.5287354e-05
1968-03-01,3.6295896e-06,-3.7259364e-05,-6.603077e-07,-1.6303078e-05,-5.1921525e-06,1.2823555e-05,4.4239372e-05
1968-04-01,3.5830599e-06,-3.5314486e-05,2.652494e-06,-1.6144884e-05,-6.0761886e-06,4.8045375e-05,2.7545066e-05
1968-05-01,1.4892939e-06,-3.3704615e-05,1.1915108e-06,2.3366836e-05,-1.8793507e-06,0.00014522411,2.1840711e-05
1968-06-01,3.406254e-06,-4.4610817e-05,1.2136297e-07,8.416985e-05,-3.6567217e-06,0.00014764357,8.4126805e-06
1968-07-01,6.610935e-07,-4.912405e-05,-9.20867e-07,8.3350955e-05,-4.39187e-06,0.00017646313,2.7600901e-05
1968-08-01,4.299596e-06,-6.350125e-05,-1.8571882e-07,6.689859e-05,-4.6989517e-06,0.00017746813,3.7008896e-05
1968-09-01,-2.2294262e-07,-4.716056e-05,5.866459e-07,4.349492e-05,-3.340334e-06,0.00014841594,3.126732e-05
1968-10-01,3.0526353e-06,-5.530299e-05,1.3683166e-06,8.50574e-06,-3.442692e-06,0.00011115619,3.5799163e-05
1968-11-01,1.0915897e-05,-4.6583613e-05,2.0941588e-06,-4.1130508e-05,-6.783419e-06,7.953564e-05,4.1633793e-05
1968-12-01,1.2088411e-05,-3.360225e-05,3.9459774e-06,-2.3300912e-05,-5.4341e-06,3.9716833e-05,2.3887951e-05
1969-01-01,4.953814e-06,-4.023817e-05,3.4975528e-07,-2.571282e-05,-5.8341247e-06,4.3799417e-05,3.279482e-05
1969-02-01,6.524606e-06,-3.808961e-05,8.191855e-07,-4.3542263e-05,-4.3265245e-06,4.8990267e-05,4.060366e-05
1969-03-01,8.212763e-06,-4.4625565e-05,1.2795936e-06,-3.8893064e-05,-3.8119542e-06,6.981686e-05,2.767619e-05
1969-04-01,5.17047e-06,-4.040067e-05,3.085108e-06,-2.5441994e-05,-5.653579e-06,8.5633146e-05,3.0113632e-05
1969-05-01,4.9989467e-06,-4.2982552e-05,3.067049e-06,2.925601e-05,-5.5452474e-06,0.00014161307,2.9942108e-05
1969-06-01,7.878742e-06,-3.5002187e-05,1.2795936e-06,6.5935004e-05,-4.7237336e-06,0.00015838628,1.7312545e-05
1969-07-01,4.2135507e-06,-3.5453566e-05,-2.4036563e-06,8.346653e-05,-2.1779633e-06,0.00017850872,2.9436564e-05
1969-08-01,5.8655933e-06,-3.4812605e-05,3.987865e-06,7.351815e-05,-3.8841754e-06,0.00018071145,3.0664312e-05
1969-09-01,1.2795936e-06,-3.1887677e-05,1.4691686e-06,4.52348e-05,-5.5452474e-06,0.00014008742,3.993562e-05
1969-10-01,4.150359e-06,-4.5781097e-05,2.0920706e-06,-9.345851e-06,-5.7258003e-06,0.00010237927,2.7396334e-05
1969-11-01,4.7642316e-06,-4.7117173e-05,-2.5509507e-07,-4.643108e-05,-3.848065e-06,6.897729e-05,3.7416932e-05
1969-12-01,8.005129e-06,-2.8114155e-05,2.3448447e-06,-2.321219e-05,-4.59735e-06,4.807848e-05,3.8166218e-05
1970-01-01,1.1438229e-05,-5.387197e-05,2.3061475e-06,-3.6499136e-05,-3.7305908e-06,3.950703e-05,4.1386927e-05
1970-02-01,1.0644137e-05,-2.5689726e-05,3.0597257e-06,-4.303015e-05,-3.1390737e-06,5.501618e-05,4.865532e-05
1970-03-01,3.7079662e-06,-2.2181128e-05,2.5978552e-06,-2.7407565e-05,-5.1324096e-06,6.725982e-05,4.0001316e-05
1970-04-01,7.475861e-06,-3.2609692e-05,2.0468506e-06,-1.8753559e-05,-3.7305908e-06,9.715179e-05,3.7635236e-05
1970-05-01,6.381957e-06,-4.541244e-05,2.419587e-06,4.7237296e-05,-3.722489e-06,0.00013682409,1.9581748e-05
1970-06-01,5.8957776e-06,-3.869505e-05,3.776331e-07,8.302016e-05,-2.0613734e-06,0.00015097193,2.8211445e-05
1970-07-01,7.143637e-06,-3.9318977e-05,-3.840505e-07,8.2396225e-05,-1.6076046e-06,0.00016126275,2.4216666e-05
1970-08-01,3.0354167e-06,-4.6943904e-05,9.772521e-07,8.010308e-05,-4.9865557e-06,0.00017195061,2.2409695e-05
1970-09-01,4.2670727e-06,-4.824849e-05,2.3304565e-06,5.3144384e-05,-4.792084e-06,0.00015503964,2.676911e-05
1970-10-01,2.0746666e-07,-4.464265e-05,5.396905e-07,2.1542675e-05,-5.2458527e-06,0.00012569057,3.812952e-05
1970-11-01,1.0960153e-05,-4.195245e-05,2.1846026e-06,-3.325793e-05,-3.916961e-06,6.188753e-05,3.4248184e-05
1970-12-01,6.4710875e-06,-3.210731e-05,1.58498e-06,-3.5089215e-05,-3.349749e-06,5.7706377e-05,2.6720492e-05
1971-01-01,8.930016e-06,-4.260439e-05,8.785428e-07,-5.5473487e-05,-4.1712483e-06,3.5480807e-05,4.714757e-05
1971-02-01,3.2997887e-06,-1.6982296e-05,1.3428908e-06,-4.4478373e-05,-4.080037e-06,5.5928736e-05,5.3291897e-05
1971-03-01,9.211941e-06,-2.3897774e-05,9.5316864e-07,-5.240547e-05,-4.9009395e-06,7.461048e-05,4.9859034e-05
1971-04-01,4.659669e-06,-4.833412e-05,1.3511817e-06,-3.0299154e-05,-4.1629573e-06,6.757062e-05,2.6293339e-05
1971-05-01,1.666278e-06,-2.3781686e-05,3.0344454e-06,4.7379745e-05,-3.3752221e-06,0.00014161764,3.5895406e-05
1971-06-01,8.573465e-06,-3.404711e-05,4.551872e-06,7.820918e-05,-2.3967732e-06,0.00017019168,3.0729527e-05
1971-07-01,9.394364e-06,-3.2272634e-05,2.6861853e-06,7.7902376e-05,-4.080037e-06,0.00016552332,2.6052874e-05
1971-08-01,2.9100665e-06,-4.47603e-05,2.9515286e-06,6.733844e-05,-6.6754146e-06,0.00015178358,1.3009652e-05
1971-09-01,7.918399e-06,-3.60123e-05,1.7823622e-06,5.0713104e-05,-6.352031e-06,0.00014581336,3.9179016e-05
1971-10-01,5.853708e-06,-3.5987425e-05,-4.0381565e-10,1.2860397e-05,-2.8196628e-06,0.000118557764,3.3930217e-05
1971-11-01,8.797346e-06,-3.387298e-05,2.3793837e-06,-4.3176537e-05,-3.6986094e-06,6.32671e-05,3.8167396e-05
1971-12-01,1.7326129e-06,-3.840038e-05,1.6994454e-06,-1.2322227e-05,-5.0170274e-06,2.5754363e-05,2.7794182e-05
1972-01-01,7.3971823e-06,-2.8575727e-05,3.268411e-06,-3.8830767e-05,-4.436246e-06,5.070021e-05,2.7006605e-05
1972-02-01,9.011237e-06,-4.1666513e-05,3.6607744e-06,-3.613771e-05,-3.598012e-06,3.4853943e-05,3.830499e-05
1972-03-01,9.555195e-06,-3.550457e-05,2.6441921e-06,-3.6021782e-05,-3.4642508e-06,6.968542e-05,3.7404327e-05
1972-04-01,2.9473813e-06,-4.156842e-05,1.9932195e-06,-3.4684163e-05,-4.6681016e-06,9.7267024e-05,2.8290717e-05
1972-05-01,3.2505777e-06,-1.471804e-05,2.358829e-06,1.1294098e-05,-4.231144e-06,0.00015094994,2.5900845e-05
1972-06-01,7.1564064e-06,-4.6633526e-05,-8.692732e-07,7.06485e-05,-4.766196e-06,0.00013877766,2.2235781e-05
1972-07-01,1.0081327e-05,-4.5028384e-05,2.8938812e-06,7.734549e-05,-6.6120992e-06,0.00017718502,2.7006605e-05
1972-08-01,1.156162e-05,-3.992761e-05,1.5473488e-06,5.566722e-05,-2.9648727e-06,0.00015304555,2.8058861e-05
1972-09-01,5.2124087e-06,-5.556878e-05,2.3855828e-06,3.8759776e-05,-3.9190345e-06,0.00014032036,3.3168548e-05
1972-10-01,3.1257296e-06,-4.259392e-05,1.1282245e-06,-2.5855908e-05,-7.0401366e-06,0.00010616662,3.6904952e-05
1972-11-01,6.7372894e-06,-5.070879e-05,1.9040453e-06,-3.120637e-05,-2.893532e-06,7.7452496e-05,3.9874456e-05
1972-12-01,8.128409e-06,-2.8112023e-05,2.269655e-06,-3.5415396e-05,-6.469425e-06,4.31204e-05,3.583486e-05
1973-01-01,9.901225e-06,-4.2443906e-05,2.3184402e-06,-3.5064622e-05,-5.175869e-06,3.623306e-05,3.518014e-05
1973-02-01,6.937127e-06,-3.085295e-05,3.893394e-06,-3.895777e-05,-5.8394726e-06,3.9940394e-05,4.032971e-05
1973-03-01,1.1617751e-05,-3.942672e-05,-3.0059164e-07,-2.956998e-05,-4.875037e-06,6.776755e-05,3.792304e-05
1973-04-01,4.406582e-06,-6.450212e-05,1.725617e-06,-1.4554818e-05,-4.0344676e-06,0.000116042575,4.1329542e-05
1973-05-01,6.77786e-06,-4.6115856e-05,5.3444746e-06,4.8381447e-05,-2.7249553e-06,0.0001551687,2.5226069e-05
1973-06-01,6.6451394e-06,-4.5894652e-05,6.2180334e-08,8.6277694e-05,-3.875204e-06,0.00017279404,3.4605015e-05
1973-07-01,7.2645053e-06,-5.1185794e-05,1.4601756e-06,8.143781e-05,-1.8136052e-06,0.00015746035,2.979167e-05
1973-08-01,8.503233e-06,-3.4445256e-05,3.6279525e-06,7.4633645e-05,-4.8307993e-06,0.0001763775,3.3419376e-05
1973-09-01,4.7782014e-06,-4.738997e-05,3.1324598e-06,4.433788e-05,-2.8222858e-06,0.0001417285,3.7347912e-05
1973-10-01,6.5920503e-06,-5.1345058e-05,3.7960635e-06,1.12726775e-05,-6.007591e-06,0.00012527111,4.435558e-05
1973-11-01,5.7780308e-06,-5.717593e-05,2.636967e-06,-2.0686522e-05,-2.326793e-06,7.217388e-05,3.476428e-05
1973-12-01,9.273015e-06,-3.850652e-05,2.893561e-06,-4.927461e-05,-4.3972395e-06,5.068194e-05,4.1258758e-05
1974-01-01,2.2952518e-06,-3.6747086e-05,1.9641157e-06,-1.9317755e-05,-3.875277e-06,5.964727e-05,3.285715e-05
1974-02-01,1.3344059e-05,-2.3743742e-05,1.0595322e-06,-4.158498e-05,-3.7218197e-06,6.805502e-05,4.96242e-05
1974-03-01,6.697006e-06,-4.3741427e-05,2.9090734e-06,-4.6697474e-05,-3.4391414e-06,6.9387665e-05,4.3744425e-05
1974-04-01,6.2608706e-06,-3.826549e-05,1.9075742e-06,-2.1482287e-05,-3.600675e-06,6.884653e-05,4.235525e-05
1974-05-01,3.942885e-06,-2.410719e-05,1.8671926e-06,2.8156563e-05,-3.6572092e-06,0.00012899307,2.2519089e-05
1974-06-01,4.3467153e-06,-4.0115032e-05,1.3260578e-06,5.8427704e-05,-3.0837691e-06,0.00014341788,1.6405094e-05
1974-07-01,9.693431e-06,-4.016349e-05,-3.107998e-06,8.814963e-05,-5.0544622e-06,0.00016581433,2.9368057e-05
1974-08-01,7.2785224e-06,-4.7085145e-05,2.2710228e-06,6.908883e-05,-4.4083354e-06,0.0001538448,1.8900766e-05
1974-09-01,7.011993e-06,-4.7182068e-05,1.5279729e-06,6.285369e-05,-5.498674e-06,0.00016094412,3.4779387e-05
1974-10-01,6.7454675e-06,-4.9887734e-05,1.503744e-06,-7.7359e-06,-3.5522098e-06,0.00012027839,3.7993876e-05
1974-11-01,5.897422e-06,-4.059155e-05,4.3790205e-06,-3.561636e-05,-4.5133274e-06,7.2787916e-05,2.537821e-05
1974-12-01,1.0549549e-05,-3.7320526e-05,2.5133195e-06,-4.026849e-05,-4.4164117e-06,4.8961912e-05,3.809887e-05
1975-01-01,5.3059885e-06,-2.7489306e-05,1.4452562e-06,-4.547815e-05,-4.2160354e-06,4.983423e-05,3.6543595e-05
1975-02-01,7.969142e-06,-1.539625e-05,2.0147345e-06,-3.9950854e-05,-2.3401044e-06,6.4757936e-05,3.5597255e-05
1975-03-01,3.1536947e-06,-5.9455513e-05,1.1605152e-06,-4.4389435e-05,-3.3115684e-06,7.7546094e-05,3.5371137e-05
1975-04-01,1.0816537e-05,-3.8895643e-05,3.840418e-06,-2.28916e-05,-5.128877e-06,0.00010382588,2.3629818e-05
1975-05-01,-2.1307387e-06,-4.167604e-05,2.726585e-06,4.6182868e-05,-2.306606e-06,0.00014014692,2.4509161e-05
1975-06-01,8.279007e-06,-4.752995e-05,-1.0838994e-06,9.054362e-05,-4.2579086e-06,0.00016465127,2.6661457e-05
1975-07-01,2.6679627e-06,-2.1292039e-05,2.4920919e-06,8.087084e-05,-4.1239146e-06,0.00014163762,1.8052273e-05
1975-08-01,7.843522e-06,-4.5059413e-05,2.4167202e-06,8.339163e-05,-6.9713096e-06,0.00017098254,3.972598e-05
1975-09-01,1.010469e-05,-6.2319654e-05,4.468522e-06,6.970738e-05,-8.018145e-06,0.00015110102,4.2288633e-05
1975-10-01,8.044513e-06,-4.55284e-05,9.009018e-07,1.8219765e-05,-5.731854e-06,0.0001277105,4.5772507e-05
1975-11-01,8.823361e-06,-4.228739e-05,1.2526398e-06,-3.5914247e-05,-4.8106376e-06,8.067823e-05,3.8561895e-05
1975-12-01,3.4803052e-06,-3.3552587e-05,3.463556e-06,-2.529514e-05,-5.807229e-06,5.4004828e-05,3.0497065e-05
1976-01-01,3.5929042e-06,-2.8925075e-05,1.2342789e-06,-4.3351116e-05,-2.7699061e-06,5.6067813e-05,4.4923752e-05
1976-02-01,1.0961332e-05,-2.683157e-05,1.5725309e-06,-2.401584e-05,-3.4646946e-06,7.085038e-05,3.767417e-05
1976-03-01,6.088667e-06,-1.771703e-05,1.9656363e-06,-3.622951e-05,-3.5378325e-06,7.1005794e-05,4.0261348e-05
1976-04-01,3.6111887e-06,-4.6934758e-05,1.462824e-06,-2.2854816e-05,-6.37184e-06,9.003937e-05,4.348846e-05
1976-05-01,6.11609e-06,-4.7300447e-05,-2.92428e-07,4.1861193e-05,-3.1538657e-06,0.00015529475,2.6530106e-05
1976-06-01,8.858682e-06,-3.6906014e-05,-7.0381793e-07,8.7040804e-05,-5.192531e-06,0.00015333838,1.7232727e-05
1976-07-01,7.3228293e-06,-3.3221804e-05,4.2978354e-07,9.053304e-05,-6.0061648e-06,0.00015572442,2.098093e-05
1976-08-01,3.6660422e-06,-6.0912833e-05,1.6273843e-06,7.288904e-05,-7.551156e-06,0.0001599206,3.2518095e-05
1976-09-01,4.7630747e-06,-4.474983e-05,1.0697186e-06,5.0884315e-05,-4.13206e-06,0.00015072376,3.525155e-05
1976-10-01,5.4578704e-06,-4.3040287e-05,7.954659e-07,1.2652599e-05,-3.7023856e-06,0.00011508837,3.9511706e-05
1976-11-01,3.9220176e-06,-5.4476885e-05,-1.5631667e-06,-3.1585398e-05,-3.6475321e-06,7.591503e-05,3.218899e-05
1976-12-01,4.214562e-06,-2.995813e-05,1.2810051e-07,-3.866128e-05,-4.433743e-06,5.141455e-05,2.5551919e-05
1977-01-01,6.015598e-06,-4.4322354e-05,2.9930525e-06,-2.2054373e-05,-4.640293e-06,4.19296e-05,3.4806766e-05
1977-02-01,6.187729e-07,-2.493916e-05,5.5780183e-06,-4.458976e-05,-2.6873895e-06,4.049531e-05,3.8809816e-05
1977-03-01,5.9831837e-06,-2.738637e-05,1.3318677e-06,-4.0716368e-05,-4.761845e-06,7.352453e-05,3.4207118e-05
1977-04-01,8.000916e-06,-2.3407629e-05,3.2361531e-06,-1.7062714e-05,-4.210815e-06,6.632876e-05,3.751328e-05
1977-05-01,7.0123097e-06,-8.781102e-06,2.4501278e-06,4.694557e-05,-4.340469e-06,0.00010929267,1.52371995e-05
1977-06-01,1.01402e-05,-3.1381314e-05,3.3739088e-06,9.5144234e-05,-5.393904e-06,0.00014181947,1.897284e-05
1977-07-01,8.389878e-06,-3.920104e-05,1.2832497e-06,8.906673e-05,-6.2528597e-06,0.00015284812,2.799996e-05
1977-08-01,4.5326888e-06,-4.987314e-05,4.054589e-06,6.961872e-05,-6.617509e-06,0.0001666157,3.75538e-05
1977-09-01,5.731981e-06,-3.8641912e-05,1.5911755e-06,4.9068643e-05,-6.21234e-06,0.00014250015,3.5122797e-05
1977-10-01,7.376959e-06,-2.7986018e-05,1.6073827e-06,1.533444e-05,-4.1135754e-06,0.00013515042,3.6605707e-05
1977-11-01,8.009021e-06,-2.6389658e-05,1.8119317e-07,1.4210054e-06,-3.1411764e-06,7.4764335e-05,3.886654e-05
1977-12-01,1.3729979e-05,-2.3132117e-05,2.4258188e-06,-2.6543625e-05,-4.210815e-06,4.082755e-05,2.5560856e-05
1978-01-01,8.0657155e-06,-2.5342972e-05,7.0533315e-06,-4.3923206e-05,-4.7294634e-06,1.8870156e-05,3.1061307e-05
1978-02-01,1.1068838e-05,-2.303746e-05,4.2628926e-06,-3.0847285e-05,-3.7596146e-06,5.0483777e-05,3.3613534e-05
1978-03-01,7.810493e-06,-2.955415e-05,2.7145397e-06,-2.3896708e-05,-5.50364e-06,3.9287996e-05,4.083635e-05
1978-04-01,4.662743e-06,-2.3828648e-05,2.2126005e-06,-1.9328221e-05,-4.789017e-06,9.3888695e-05,3.240548e-05
1978-05-01,5.9558733e-06,-2.8677885e-05,3.2079734e-06,5.387824e-05,-4.8315524e-06,0.00016265428,3.0244593e-05
1978-06-01,5.86229e-06,-5.9125992e-05,-3.4363366e-06,8.1289196e-05,-4.8996117e-06,0.00015709041,3.488965e-05
1978-07-01,5.777216e-06,-3.368026e-05,1.1746961e-06,7.872845e-05,-5.699312e-06,0.00016677188,3.930501e-05
1978-08-01,2.3572284e-06,-5.1971238e-05,1.8212595e-06,7.700995e-05,-7.502884e-06,0.00015914922,3.3230703e-05
1978-09-01,3.7269238e-06,-3.53307e-05,1.7932689e-07,4.0342915e-05,-5.733342e-06,0.00014019466,3.1461157e-05
1978-10-01,8.286908e-06,-3.1570413e-05,9.5350333e-07,8.031686e-06,-3.9637926e-06,0.00010208986,3.2830852e-05
1978-11-01,5.2157266e-06,-4.92914e-05,1.0470831e-06,-2.619372e-05,-2.1261912e-06,6.713282e-05,3.360503e-05
1978-12-01,9.384366e-06,-3.7346963e-05,3.2590178e-06,-3.9167553e-05,-3.2661883e-06,3.7101585e-05,4.7472146e-05
1979-01-01,1.094109e-05,-3.3790715e-05,1.4015714e-06,-3.4830005e-05,-4.690537e-06,5.536026e-05,3.599394e-05
1979-02-01,1.5301044e-05,-4.2375435e-05,3.8762664e-07,-1.5260895e-05,-2.7978422e-06,3.4701163e-05,3.935685e-05
1979-03-01,9.800402e-06,-4.0947463e-05,2.795743e-06,-3.76099e-05,-3.769539e-06,6.3015534e-05,3.865554e-05
1979-04-01,4.147667e-06,-2.7293023e-05,5.3644e-06,-2.1302312e-05,-4.9693735e-06,6.431676e-05,2.5905203e-05
1979-05-01,5.4911434e-06,-2.4394834e-05,1.5874612e-06,2.3522436e-05,-3.2963653e-06,0.00015623073,4.104676e-05
1979-06-01,6.107959e-06,-4.6135476e-05,-2.3763641e-07,8.484911e-05,-3.4569057e-06,0.00016173982,2.8854089e-05
1979-07-01,7.172599e-06,-1.9316674e-05,-7.953058e-07,8.6699554e-05,-2.6880007e-06,0.00017241157,2.3953362e-05
1979-08-01,4.147667e-06,-2.9244864e-05,3.716741e-06,6.8161295e-05,-5.020069e-06,0.00015773474,2.8989281e-05
1979-09-01,5.753078e-06,-3.5582012e-05,2.153578e-06,5.334927e-05,-4.3187574e-06,0.00014985133,3.7168422e-05
1979-10-01,5.685484e-06,-3.8243616e-05,1.1396369e-06,8.9047535e-06,-4.4708504e-06,0.000103226834,3.7844387e-05
1979-11-01,7.865459e-06,-2.5958001e-05,1.2832788e-06,-3.157694e-05,-2.9330367e-06,6.527155e-05,3.7033235e-05
1979-12-01,8.862506e-06,-3.5455272e-05,3.4632576e-06,-2.3592136e-05,-5.4425473e-06,5.1101695e-05,4.1629777e-05
1980-01-01,1.048587e-05,-2.4418696e-05,3.6026977e-06,-3.4325167e-05,-1.9551953e-06,3.1193376e-05,4.4379918e-05
1980-02-01,8.45654e-06,-4.5043373e-05,1.6561899e-06,-3.3778488e-05,-2.3030807e-06,6.586602e-05,3.10857e-05
1980-03-01,3.7683567e-06,-3.1285308e-05,5.2970427e-07,-3.686805e-05,-3.2224925e-06,6.715817e-05,4.0536605e-05
1980-04-01,5.9964877e-06,-4.9764676e-05,2.9234943e-06,-3.096227e-05,-3.62836e-06,7.406619e-05,2.9627892e-05
1980-05-01,1.0833763e-05,-4.0007304e-05,2.252571e-06,3.592297e-05,-3.5620978e-06,0.00013164962,3.1549545e-05
1980-06-01,1.2208737e-05,-3.2395226e-05,2.103472e-06,8.013764e-05,-3.0568335e-06,0.00014692347,1.8702613e-05
1980-07-01,7.644805e-06,-4.1233194e-05,-5.8021396e-07,8.128897e-05,-4.928792e-06,0.00018729482,3.348777e-05
1980-08-01,9.566458e-06,-3.6834914e-05,2.3850953e-06,7.456318e-05,-5.5086057e-06,0.00017914435,3.7728667e-05
1980-09-01,8.365423e-06,-3.3637676e-05,3.776644e-06,4.2085525e-05,-3.7526042e-06,0.0001345321,3.8002006e-05
1980-10-01,8.174917e-06,-5.381507e-05,2.4808105e-07,8.9203895e-06,-3.8685685e-06,0.00011731175,4.223462e-05
1980-11-01,9.110896e-06,-4.7329486e-05,4.43928e-06,-4.858021e-05,-3.5372504e-06,6.469812e-05,2.620701e-05
1980-12-01,8.9203895e-06,-2.7450275e-05,2.2194363e-06,-1.8239574e-05,-3.2804746e-06,5.0973184e-05,3.310675e-05
1981-01-01,1.0957945e-05,-3.0705443e-05,3.0752308e-06,-3.9288105e-05,-2.5576592e-06,5.9229147e-05,2.3048658e-05
1981-02-01,9.508058e-06,-4.086298e-05,1.4586913e-06,-3.767156e-05,-3.932553e-06,5.6329376e-05,4.4421977e-05
1981-03-01,9.558054e-06,-1.4898353e-05,1.6586782e-06,-3.1063748e-05,-3.0326191e-06,5.3737913e-05,3.4664416e-05
1981-04-01,6.049999e-06,-2.9680523e-05,4.533449e-06,-6.232367e-06,-4.6491623e-06,7.3253046e-05,3.7939157e-05
1981-05-01,4.616777e-06,-1.8273087e-05,4.3501313e-06,5.4179545e-05,-3.457586e-06,0.00012558226,3.069806e-05
1981-06-01,5.233396e-06,-4.743746e-05,-2.7450733e-07,7.996918e-05,-6.1614264e-07,0.00014265592,2.0540523e-05
1981-07-01,5.916674e-06,-3.0413801e-05,3.9168335e-06,8.1935694e-05,-1.5660698e-06,0.00015414668,3.4614415e-05
1981-08-01,4.5167835e-06,-2.6655762e-05,3.9501647e-06,6.811178e-05,-3.1576128e-06,0.00015792137,3.3556167e-05
1981-09-01,5.9333397e-06,-4.61459e-05,3.100231e-06,5.85542e-05,-4.749156e-06,0.00015542159,4.8804966e-05
1981-10-01,7.3082338e-06,-6.371117e-05,2.9211515e-07,-4.5825e-06,-3.2242751e-06,0.00011694127,4.3338732e-05
1981-11-01,1.1824544e-05,-4.890401e-05,5.254333e-07,-1.1973585e-05,-3.8575527e-06,7.001163e-05,3.7872494e-05
1981-12-01,6.93326e-06,-3.1247066e-05,1.375367e-06,-2.9572198e-05,-2.3826724e-06,5.4604512e-05,3.9564027e-05
1982-01-01,1.1033608e-05,-3.1494485e-05,1.7203856e-06,-3.6666584e-05,-2.4379187e-06,5.730761e-05,4.5013123e-05
1982-02-01,9.006006e-06,-3.1047726e-05,2.5537665e-06,-3.3573633e-05,-2.4465116e-06,6.284915e-05,5.100142e-05
1982-03-01,9.5472715e-06,-1.9595209e-05,7.151757e-07,-3.4931094e-05,-2.9791845e-06,7.7514895e-05,3.7014404e-05
1982-04-01,8.784118e-07,-3.1125048e-05,2.6139023e-06,-1.7507467e-05,-4.723268e-06,9.5204865e-05,2.8508788e-05
1982-05-01,6.7292494e-06,-2.3100554e-05,3.2410899e-06,3.2512442e-05,-1.5529877e-06,0.0001492714,3.1584557e-05
1982-06-01,9.332485e-06,-3.907222e-05,-1.1820521e-07,7.8975456e-05,-2.2660897e-06,0.00015315476,2.1695701e-05
1982-07-01,9.822201e-06,-3.7147714e-05,-1.2952441e-06,8.632122e-05,-6.0377715e-06,0.0001731043,2.996935e-05
1982-08-01,7.5798125e-06,-3.768898e-05,3.644527e-08,7.323631e-05,-5.178619e-06,0.00017247713,3.4849338e-05
1982-09-01,4.9422088e-06,-4.4287277e-05,2.4850306e-06,4.8647344e-05,-4.542846e-06,0.00014561138,3.9609047e-05
1982-10-01,7.236151e-06,-4.1701227e-05,-4.962276e-07,-8.615229e-06,-5.4449556e-06,0.00011501694,4.2495805e-05
1982-11-01,9.985441e-06,-4.957107e-05,2.4506662e-06,-2.391675e-05,-3.004956e-06,4.145623e-05,4.4600733e-05
1982-12-01,1.0638396e-05,-2.992223e-05,2.4592591e-06,-3.7001657e-05,-3.8641083e-06,1.9126834e-05,3.9377075e-05
1983-01-01,9.939111e-06,-3.914024e-05,4.81381e-07,-1.4661415e-05,-3.9171573e-06,3.741694e-05,4.1641622e-05
1983-02-01,9.869567e-06,-3.847959e-05,2.3764042e-06,-1.4026842e-05,-5.5513956e-06,4.380612e-05,4.084189e-05
1983-03-01,8.756895e-06,-3.634117e-05,3.9237166e-06,-3.0134532e-05,-2.5697773e-06,6.758083e-05,4.222404e-05
1983-04-01,6.783637e-06,-5.0014885e-05,1.5071273e-06,-1.4817884e-05,-2.8392533e-06,0.00011201824,3.7095306e-05
1983-05-01,9.017676e-06,-5.3561536e-05,3.4803852e-06,2.1839507e-05,-3.6476813e-06,0.00015988061,1.2746874e-05
1983-06-01,8.1223225e-06,-5.4569897e-05,7.856288e-07,7.622144e-05,-3.1174204e-06,0.00015496051,2.531661e-05
1983-07-01,9.817413e-06,-4.1261275e-05,1.533208e-06,8.724387e-05,-8.298313e-06,0.00017489301,3.107122e-05
1983-08-01,4.9407718e-06,-4.4529752e-05,1.4810503e-06,9.053842e-05,-8.411316e-06,0.00016557437,3.4852572e-05
1983-09-01,6.9835696e-06,-4.3964723e-05,2.1417e-06,6.609437e-05,-6.012113e-06,0.00016140184,2.8124374e-05
1983-10-01,5.8187397e-06,-3.6236856e-05,-1.2711098e-07,8.365721e-06,-5.890415e-06,0.00011428706,4.7465775e-05
1983-11-01,6.4967753e-06,-3.5089408e-05,1.7713683e-07,7.4216587e-07,-3.0826523e-06,7.253571e-05,3.889471e-05
1983-12-01,9.321924e-06,-2.5023186e-05,3.5238518e-06,-4.9684564e-05,-2.7175556e-06,2.5203606e-05,4.072019e-05
1984-01-01,6.1966566e-06,-2.0958905e-05,3.507339e-06,-4.7097776e-05,-5.068963e-06,2.8244158e-05,4.873382e-05
1984-02-01,7.705305e-06,-3.4987635e-05,3.0153897e-06,-5.495255e-05,-2.6338166e-06,5.052943e-05,4.7118585e-05
1984-03-01,6.8197915e-06,-1.7966217e-05,1.2115779e-06,-4.239966e-05,-3.0355732e-06,7.893946e-05,3.5139637e-05
1984-04-01,5.893293e-06,-3.8997023e-05,1.1787852e-06,-8.627394e-06,-3.1995587e-06,0.000121673394,3.6582685e-05
1984-05-01,1.9740983e-06,-3.658647e-05,3.0153897e-06,3.5426605e-05,-4.22445e-06,0.00016906444,2.7965387e-05
1984-06-01,5.524329e-06,-5.3632488e-05,6.9503585e-07,8.759776e-05,-4.3474356e-06,0.00018418368,3.4967456e-05
1984-07-01,8.041468e-06,-2.3697416e-05,-3.052628e-07,7.998075e-05,-3.5275225e-06,0.00018527416,1.701133e-05
1984-08-01,8.221847e-06,-3.7717953e-05,2.047891e-06,7.343783e-05,-5.2411488e-06,0.00016715404,3.5516798e-05
1984-09-01,6.426235e-06,-3.264268e-05,2.7448186e-06,3.9837745e-05,-5.109956e-06,0.00013263566,3.4959256e-05
1984-10-01,8.656403e-06,-2.5845591e-05,2.1134838e-06,-4.486821e-06,-4.0850646e-06,0.00010708712,3.9067025e-05
1984-11-01,3.5893318e-06,-3.010095e-05,1.78552e-06,-3.2429503e-05,-3.0437732e-06,6.982202e-05,3.5344616e-05
1984-12-01,1.0181444e-05,-3.666846e-05,3.1957752e-06,-4.137477e-05,-3.0191804e-06,4.3683143e-05,3.25897e-05
1985-01-01,1.4641701e-05,-2.7816386e-05,2.761386e-06,-3.5117373e-05,-1.9907384e-06,5.9268485e-05,3.293307e-05
1985-02-01,8.265211e-06,-2.402332e-05,5.5813143e-07,-2.5129273e-05,-2.1376254e-06,5.2497708e-06,4.4519613e-05
1985-03-01,8.092407e-06,-2.569089e-05,3.6081328e-06,-4.6029993e-05,-3.8311046e-06,7.644526e-05,3.8082642e-05
1985-04-01,6.4162014e-06,-4.3800806e-05,2.329376e-06,-1.1650518e-05,-2.9411603e-06,9.495263e-05,3.3563803e-05
1985-05-01,2.9601142e-06,-3.5359306e-05,2.4589826e-06,4.560828e-05,-4.07303e-06,0.00015361115,3.300219e-05
1985-06-01,2.0615262e-06,-2.2943292e-05,-1.6883278e-06,7.878676e-05,-4.453206e-06,0.00014849612,2.6392412e-05
1985-07-01,8.342977e-06,-3.67331e-05,-2.1289816e-06,7.735248e-05,-4.107591e-06,0.00017145323,3.2889868e-05
1985-08-01,5.48306e-06,-5.4808464e-05,2.1997694e-06,7.888181e-05,-5.412272e-06,0.00019763311,3.9542843e-05
1985-09-01,9.120595e-06,-4.025831e-05,2.389861e-06,5.0248083e-05,-4.4964036e-06,0.00016060972,4.091664e-05
1985-10-01,9.526688e-06,-4.086313e-05,3.0637966e-06,1.6559832e-05,-3.7015052e-06,0.00013461128,3.718406e-05
1985-11-01,4.532638e-06,-3.668126e-05,2.329376e-06,-1.4942445e-05,-7.4772834e-06,8.213917e-05,3.5931225e-05
1985-12-01,1.076224e-05,-2.0964682e-05,2.5799454e-06,-4.691993e-05,-4.2890388e-06,5.5527264e-05,3.8506016e-05
1986-01-01,1.1399665e-05,-2.4900786e-05,3.1598975e-06,-3.173227e-05,-3.1817472e-06,3.7273574e-05,4.8084985e-05
1986-02-01,1.0350013e-05,-2.3614964e-05,3.0811716e-06,-3.8091406e-05,-4.108937e-06,6.8273286e-05,4.107856e-05
1986-03-01,1.0262542e-05,-2.7586146e-05,1.07160304e-07,-3.666563e-05,-3.3916804e-06,7.780762e-05,4.3326563e-05
1986-04-01,5.6440767e-06,-3.5983358e-05,1.1743105e-06,-1.1701421e-05,-4.572532e-06,9.7523574e-05,3.4107125e-05
1986-05-01,6.370079e-06,-2.8137212e-05,1.3842364e-06,3.7011163e-05,-1.3361059e-06,0.00016129865,3.444826e-05
1986-06-01,6.168899e-06,-3.5449782e-05,-7.1506656e-07,9.825833e-05,-4.572532e-06,0.00015600666,2.2534718e-05
1986-07-01,9.641495e-06,-3.5974612e-05,-1.0299627e-06,8.275847e-05,-2.6831622e-06,0.00015984663,2.3470653e-05
1986-08-01,4.4369735e-06,-5.1483214e-05,3.6759739e-06,7.087992e-05,-3.3129545e-06,0.00016114995,2.9532395e-05
1986-09-01,8.154493e-06,-4.2106323e-05,3.2211246e-06,4.581074e-05,-3.9864826e-06,0.0001559017,4.5513338e-05
1986-10-01,6.4663036e-06,-3.7120488e-05,2.040273e-06,-6.778282e-08,-5.534719e-06,9.287012e-05,3.4701927e-05
1986-11-01,6.160153e-06,-4.2447464e-05,2.145236e-06,-2.811972e-05,-6.7680594e-06,8.123648e-05,3.828824e-05
1986-12-01,7.437229e-06,-1.6626036e-05,2.608831e-06,-4.3873246e-05,-4.7387293e-06,3.1797892e-05,3.798209e-05
1987-01-01,7.843169e-06,-2.5713962e-05,3.252433e-06,-5.3117932e-05,-2.795401e-06,3.6748126e-05,3.737134e-05
1987-02-01,9.958596e-06,-3.7581412e-05,2.0762236e-06,-3.9573948e-05,-4.4807166e-06,5.784971e-05,4.1663636e-05
1987-03-01,1.2442684e-05,-2.5863184e-05,2.65555e-06,-2.6117741e-05,-4.5684938e-06,6.714529e-05,4.084731e-05
1987-04-01,5.920854e-06,-4.2303815e-05,1.8655555e-06,-2.4923975e-05,-5.3145995e-06,7.651987e-05,3.634435e-05
1987-05-01,6.816179e-06,-4.771965e-05,3.4806544e-06,3.3043936e-05,-3.6731653e-06,0.00015234161,3.5045254e-05
1987-06-01,1.0090262e-05,-2.9075825e-05,-4.9020455e-06,9.152095e-05,-2.3126267e-06,0.00012797472,1.4558107e-05
1987-07-01,8.448831e-06,-3.127902e-05,3.1119926e-06,6.2238556e-05,-4.5158304e-06,0.00014890954,2.5644338e-05
1987-08-01,4.428646e-06,-3.7686747e-05,3.5333214e-06,7.17448e-05,-4.0681625e-06,0.00019098981,3.0831958e-05
1987-09-01,7.360395e-06,-5.707668e-05,4.084577e-07,5.059933e-05,-3.4273908e-06,0.00014558279,3.6414574e-05
1987-10-01,5.2010837e-06,-3.9161394e-05,2.329034e-07,2.7075104e-05,-4.945934e-06,0.00012197956,4.7606136e-05
1987-11-01,6.070077e-06,-3.165647e-05,7.0690294e-07,-2.717106e-05,-4.744048e-06,8.736033e-05,5.1459545e-05
1987-12-01,8.141611e-06,-3.304334e-05,4.402311e-06,-2.4546534e-05,-3.7872815e-06,5.4575627e-05,1.862218e-05
1988-01-01,5.6411955e-06,-2.6666097e-05,3.27628e-06,-1.6277929e-05,-3.2391436e-06,5.3328382e-05,4.2987827e-05
1988-02-01,6.2522668e-06,-2.6801008e-05,1.9747822e-06,-4.2117415e-05,-3.8978287e-06,6.926379e-05,4.2813233e-05
1988-03-01,8.458464e-06,-2.3713921e-05,3.0937554e-06,-2.9991268e-05,-3.3740544e-06,3.8765895e-05,3.718664e-05
1988-04-01,3.839734e-06,-3.275298e-05,-3.0283627e-07,-1.6777889e-05,-2.509034e-06,0.0001086579,2.7028611e-05
1988-05-01,6.172908e-06,-4.243485e-05,3.047171e-08,6.153416e-05,-2.6756898e-06,0.00015586893,2.5203339e-05
1988-06-01,6.530023e-06,-4.4910874e-05,2.085886e-06,7.197789e-05,-3.6359415e-06,0.0001731217,1.5053247e-05
1988-07-01,1.3410503e-05,-2.711845e-05,-5.012371e-07,8.6159445e-05,-5.4532757e-06,0.00016370966,2.148931e-05
1988-08-01,6.768103e-06,-3.6332098e-05,1.8478095e-06,8.356439e-05,-8.080078e-06,0.0001670745,3.0639472e-05
1988-09-01,7.879138e-06,-4.7910664e-05,1.831937e-06,7.145412e-05,-7.167444e-06,0.00016646343,3.9234117e-05
1988-10-01,6.2998806e-06,-4.6077457e-05,8.1613325e-07,1.26327795e-05,-4.2628817e-06,0.00011583994,4.3408432e-05
1988-11-01,9.831383e-06,-3.0927706e-05,-2.7902934e-07,-1.1587774e-05,-4.699359e-06,8.443734e-05,4.1630778e-05
1988-12-01,1.2608969e-05,-2.6745456e-05,2.593788e-06,-4.4910874e-05,-3.278823e-06,5.4645752e-05,4.264658e-05
1989-01-01,8.315044e-06,-3.1191783e-05,4.362366e-06,-3.0193623e-05,-2.0158186e-06,7.1671675e-06,5.0676572e-05
1989-02-01,7.726136e-06,-1.72476e-05,3.753492e-06,-3.8348517e-05,-3.942245e-06,4.6903566e-05,4.7512433e-05
1989-03-01,3.983063e-06,-2.6949638e-05,1.5675469e-06,-2.942505e-05,-1.0575895e-06,6.844367e-05,3.784035e-05
1989-04-01,2.2662425e-06,-4.2570697e-05,-1.89204e-07,-2.1369968e-05,-3.782552e-06,9.2409275e-05,3.7211517e-05
1989-05-01,1.9767904e-06,-2.7638365e-05,-9.0787944e-07,4.6923524e-05,-3.8025173e-06,0.00016059297,3.3717988e-05
1989-06-01,1.0161624e-05,-2.5662026e-05,-4.786707e-07,7.628913e-05,-4.7108333e-06,0.00017774121,2.7509486e-05
1989-07-01,5.919479e-06,-3.528419e-05,-8.180359e-07,8.461371e-05,-4.181813e-06,0.00018226283,2.4085828e-05
1989-08-01,8.554598e-06,-4.2520784e-05,1.3479439e-06,7.1827395e-05,-4.9404043e-06,0.00017751163,3.2490265e-05
1989-09-01,2.3660687e-06,-4.0314873e-05,3.6436977e-06,3.876863e-05,-6.3877233e-06,0.0001438939,2.79886e-05
1989-10-01,6.408576e-06,-4.024501e-05,3.7974678e-07,2.5273628e-05,-2.0956795e-06,0.0001153368,3.8000057e-05
1989-11-01,7.825947e-06,-4.1273102e-05,1.4577527e-06,-2.995407e-05,-4.381436e-06,8.1988575e-05,3.141226e-05
1989-12-01,1.192835e-05,-3.1471252e-05,2.815228e-06,-4.0554427e-05,-3.3233955e-06,3.531503e-05,3.5015582e-05
1990-01-01,7.823168e-06,-3.37202e-05,1.8050487e-06,-2.9694223e-05,-3.696281e-06,4.317337e-05,3.8347207e-05
1990-02-01,9.66528e-06,-2.5518217e-05,2.1801388e-06,-2.6860209e-05,-2.5293302e-06,4.3723507e-05,4.1106206e-05
1990-03-01,8.4399835e-06,-4.237229e-05,-3.7881182e-07,-1.1681543e-05,-4.254747e-06,6.354496e-05,3.7738726e-05
1990-04-01,6.0477396e-06,-3.7687823e-05,2.1884734e-06,-3.862988e-06,-4.471469e-06,5.141703e-05,2.9561752e-05
1990-05-01,4.09727e-06,-4.0530176e-05,2.3800385e-07,6.816274e-05,-3.1294767e-06,0.00013813798,2.4168785e-05
1990-06-01,1.0898912e-05,-3.8304643e-05,1.1465563e-06,8.20661e-05,-2.7543865e-06,0.00016574466,1.3782941e-05
1990-07-01,8.298284e-06,-3.8954793e-05,-1.1206575e-06,8.10992e-05,-2.1625783e-06,0.00016556127,3.2212392e-05
1990-08-01,9.873664e-06,-2.045033e-05,4.713911e-07,7.595629e-05,-4.904905e-06,0.00017889781,3.2370765e-05
1990-09-01,7.4147356e-06,-3.7771177e-05,1.4382931e-06,5.4992895e-05,-3.3962096e-06,0.00016010163,4.1489635e-05
1990-10-01,8.273277e-06,-3.998004e-05,-1.2956989e-06,8.3814666e-07,-2.5876798e-06,0.00011443225,3.72136e-05
1990-11-01,6.3144726e-06,-2.5784946e-05,9.381729e-07,-3.0494419e-05,-3.9713486e-06,8.253288e-05,4.0122635e-05
1990-12-01,6.4061605e-06,-2.9919283e-05,1.1048796e-06,-5.570051e-05,-5.3633485e-06,4.664088e-05,3.2570813e-05
1991-01-01,8.971281e-06,-2.7773502e-05,3.87631e-06,-1.5310405e-05,-4.8069196e-06,5.1342307e-05,3.799086e-05
1991-02-01,8.335497e-06,-2.365397e-05,9.935102e-07,-4.2448766e-05,-4.301779e-06,5.5374738e-05,4.4488042e-05
1991-03-01,8.7883855e-06,-1.9569285e-05,-3.216046e-07,-3.159691e-05,-4.519512e-06,6.299543e-05,3.5343215e-05
1991-04-01,5.76624e-06,-3.8285696e-05,2.038636e-06,-1.3847239e-05,-4.902722e-06,9.1623086e-05,3.4524535e-05
1991-05-01,5.443995e-06,-3.2642027e-05,3.5976045e-06,3.6022546e-05,-4.1798485e-06,0.00015123864,2.7435119e-05
1991-06-01,7.551658e-06,-3.5272256e-05,3.2927783e-06,7.8898716e-05,-2.873443e-06,0.00013492601,2.9403436e-05
1991-07-01,8.7883855e-06,-3.059533e-05,1.2896271e-06,9.2755305e-05,-4.9636874e-06,0.00018289714,2.4151694e-05
1991-08-01,3.6324418e-06,-4.5348985e-05,1.5596161e-06,9.310368e-05,-6.278802e-06,0.00016405882,2.9281502e-05
1991-09-01,6.5326603e-06,-3.3269105e-05,8.9770765e-07,4.8912396e-05,-5.53851e-06,0.00014603915,3.5064517e-05
1991-10-01,7.0813476e-06,-4.162138e-05,1.8034771e-06,-2.2321437e-05,-3.9621154e-06,0.000103589744,4.4479333e-05
1991-11-01,8.370334e-06,-4.129042e-05,-1.1838274e-06,-3.660479e-05,-2.6731286e-06,7.280216e-05,4.1195904e-05
1991-12-01,6.628463e-06,-5.055718e-05,2.090892e-06,-3.5646757e-05,2.6768248e-08,3.106692e-05,4.5925088e-05
1992-01-01,1.0335534e-05,-2.0416184e-05,-3.5506673e-09,-4.0931605e-05,-3.369969e-06,5.844184e-05,3.8842976e-05
1992-02-01,7.3203264e-06,-4.051187e-05,5.013135e-09,-2.2754684e-05,-1.905195e-06,5.0132883e-05,3.5408033e-05
1992-03-01,7.32889e-06,-3.631456e-05,2.2921158e-06,-3.7685117e-05,-3.0872907e-06,7.1539165e-05,4.1704e-05
1992-04-01,8.228315e-06,-3.905566e-05,1.701068e-06,-3.373622e-05,-4.5863344e-06,9.220877e-05,3.2187243e-05
1992-05-01,7.1747054e-06,-3.4969715e-05,1.4526522e-06,2.2550565e-05,-5.3744006e-06,0.00013735126,1.5517922e-05
1992-06-01,1.0249874e-05,-3.731678e-05,5.1896495e-07,7.8092104e-05,-4.980364e-06,0.00016718643,2.0803112e-05
1992-07-01,5.9240774e-06,-4.3612752e-05,-1.2027886e-06,8.929635e-05,-4.1494714e-06,0.00017994968,3.0833824e-05
1992-08-01,8.12552e-06,-4.243064e-05,-8.0646714e-08,8.115871e-05,-3.3271353e-06,0.00018233957,3.3951826e-05
1992-09-01,4.707712e-06,-4.3689834e-05,1.2813398e-06,6.618545e-05,-4.474976e-06,0.00016059921,3.77294e-05
1992-10-01,5.8641162e-06,-4.2781852e-05,3.9904262e-07,1.2511278e-05,-4.5520646e-06,0.00011713565,3.7575217e-05
1992-11-01,6.823495e-06,-3.8241902e-05,7.2454714e-07,-2.7868555e-05,-3.369969e-06,7.354359e-05,3.495404e-05
1992-12-01,1.0224176e-05,-3.3719094e-05,2.4034744e-06,-3.567212e-05,-1.8452338e-06,6.0806044e-05,2.122284e-05
1993-01-01,7.5018033e-06,-1.5265578e-05,4.3548644e-06,-3.3581186e-05,-2.1980813e-06,2.7055088e-05,3.4797726e-05
1993-02-01,9.295953e-06,-3.336052e-05,4.709851e-06,-2.5291673e-05,-3.4837212e-06,4.663715e-05,4.5044486e-05
1993-03-01,8.259762e-06,-2.3574285e-05,1.5916885e-06,-4.139098e-05,-3.7523641e-06,6.330253e-05,3.838601e-05
1993-04-01,8.892988e-06,-3.190217e-05,-4.0393206e-07,-3.3485245e-05,-3.589259e-06,0.00010199653,2.8686125e-05
1993-05-01,4.2301326e-06,-4.0086154e-05,5.938782e-07,3.796386e-05,-5.2778632e-06,0.00014319466,3.0365132e-05
1993-06-01,1.0907803e-05,-3.1777447e-05,-1.4017496e-06,8.8449306e-05,-3.5220946e-06,0.00016554949,2.249777e-05
1993-07-01,1.6923455e-05,-4.0210878e-05,-7.2054536e-07,8.7403525e-05,-4.443158e-06,0.0001897752,3.3521676e-05
1993-08-01,1.2903423e-05,-3.3533208e-05,9.776486e-07,7.932508e-05,-3.3685865e-06,0.00017523018,3.6563084e-05
1993-09-01,8.595562e-06,-3.8042555e-05,8.62201e-09,6.441547e-05,-5.229893e-06,0.00017152676,3.5478923e-05
1993-10-01,8.864205e-06,-3.317823e-05,-5.862312e-07,2.1806976e-05,-3.3781835e-06,0.00013408961,3.8501137e-05
1993-11-01,4.6522837e-06,-2.8429022e-05,1.6876293e-06,-2.031221e-05,-5.1531388e-06,7.714717e-05,3.7560894e-05
1993-12-01,1.0821452e-05,-3.5154655e-05,-6.5338827e-07,-3.2065283e-05,-3.0423835e-06,5.8486166e-05,3.121903e-05
1994-01-01,6.986924e-06,-1.25596125e-05,2.339617e-06,-4.09047e-05,-3.1605632e-06,5.0274753e-05,4.403483e-05
1994-02-01,8.1792095e-06,-2.7363109e-05,5.21155e-06,-3.630091e-05,-2.951696e-06,4.368672e-05,4.7542067e-05
1994-03-01,6.177561e-06,-3.098348e-05,-7.933995e-07,-4.186201e-05,-4.283229e-06,6.763688e-05,3.8221347e-05
1994-04-01,2.2090753e-06,-3.099219e-05,1.2039891e-07,-1.5527272e-05,-3.3346223e-06,0.00012428354,3.4426917e-05
1994-05-01,6.899896e-06,-2.772863e-05,7.034869e-07,3.9561583e-05,-3.4390541e-06,0.00016646611,2.7438553e-05
1994-06-01,9.005977e-06,-3.0034877e-05,1.2169548e-06,9.078639e-05,-4.257119e-06,0.0001611487,1.7456416e-05
1994-07-01,9.7979355e-06,-3.085294e-05,-4.1047315e-07,9.6434516e-05,-3.3346223e-06,0.0001988319,2.4697165e-05
1994-08-01,9.232252e-06,-3.555246e-05,8.6013824e-07,7.751458e-05,-7.4249474e-06,0.0001803036,3.4983896e-05
1994-09-01,5.2028445e-06,-3.4586454e-05,8.688403e-07,5.3912532e-05,-5.632166e-06,0.00015352502,4.2137617e-05
1994-10-01,6.456052e-06,-3.619647e-05,-8.846837e-08,-1.4100013e-05,-4.056954e-06,0.00011485838,4.6297566e-05
1994-11-01,6.1514547e-06,-3.897267e-05,-2.2771565e-07,-2.369922e-05,-4.1787935e-06,8.8802146e-05,4.7185255e-05
1994-12-01,7.187089e-06,-2.820728e-05,1.2082528e-06,-4.8754642e-05,-2.8559662e-06,4.6045185e-05,3.271246e-05
1995-01-01,1.1262164e-05,-2.414322e-05,5.2026044e-06,-5.0293704e-05,-5.7575853e-06,3.5210673e-05,4.1559968e-05
1995-02-01,6.0386883e-06,-4.076562e-05,3.2820863e-06,-2.909352e-05,-3.2244898e-06,3.175871e-05,4.034309e-05
1995-03-01,7.810202e-06,-1.8563787e-05,-6.5000495e-07,-3.6353398e-05,-5.0622257e-06,6.118731e-05,4.3041746e-05
1995-04-01,1.0417798e-05,-2.1535623e-05,2.0238185e-06,-2.2454493e-05,-3.66323e-06,0.00011630283,3.7925885e-05
1995-05-01,-7.5762e-07,-2.370448e-05,2.8541763e-07,4.4929147e-05,-4.5986526e-06,0.0001455162,3.11958e-05
1995-06-01,8.762181e-06,-3.3348457e-05,2.0817643e-06,7.164254e-05,-2.4463516e-06,0.00014832248,2.002866e-05
1995-07-01,8.472447e-06,-3.5881552e-05,2.0403713e-06,8.730468e-05,-4.052301e-06,0.00018192323,2.5955771e-05
1995-08-01,5.9310732e-06,-3.5898105e-05,1.6678605e-06,7.140248e-05,-4.441372e-06,0.00019223773,2.997892e-05
1995-09-01,1.998982e-06,-4.3778848e-05,7.8467565e-08,5.185791e-05,-6.1632127e-06,0.00015016021,3.5541798e-05
1995-10-01,3.1579148e-06,-3.5467645e-05,2.357483e-07,7.324343e-07,-4.0688574e-06,0.000113355825,3.0310046e-05
1995-11-01,9.780386e-06,-3.101403e-05,1.543689e-06,-9.6896765e-06,-2.4380715e-06,9.272683e-05,3.6079873e-05
1995-12-01,7.272123e-06,-3.692459e-05,4.407906e-06,-4.2768923e-05,-4.342033e-06,5.091421e-05,4.146891e-05
1996-01-01,5.598842e-06,-4.071294e-05,2.6649795e-06,-5.2979347e-05,-3.5357225e-06,4.888676e-05,3.884324e-05
1996-02-01,4.0059167e-06,-2.8968498e-05,1.0090589e-06,-3.9030012e-05,-2.9867442e-06,5.7319354e-05,2.8205752e-05
1996-03-01,7.5517455e-06,-2.3415763e-05,4.150861e-07,-3.8715036e-05,-1.7178099e-06,7.056672e-05,4.058916e-05
1996-04-01,9.045674e-06,-3.1686373e-05,2.5569825e-06,-4.6246714e-06,-4.921654e-06,0.00011814743,3.599938e-05
1996-05-01,1.3600438e-06,-4.8020578e-05,3.951922e-06,4.2281077e-05,-3.6797137e-06,0.000168851,2.4659923e-05
1996-06-01,4.9868686e-06,-3.1794363e-05,-9.438445e-07,9.57925e-05,-1.1238371e-06,0.00017026393,2.5964859e-05
1996-07-01,7.4167547e-06,-3.3864257e-05,2.044013e-06,8.978979e-05,-2.7077622e-06,0.00017816554,2.255402e-05
1996-08-01,1.116957e-05,-3.2100346e-05,3.4209443e-06,7.012574e-05,-4.831658e-06,0.0001624793,3.0338651e-05
1996-09-01,8.29871e-06,-4.207187e-05,1.117056e-06,6.435702e-05,-4.7866633e-06,0.00015009589,2.7368791e-05
1996-10-01,8.217714e-06,-4.844356e-05,-1.0248405e-06,1.638032e-05,-2.8157592e-06,0.00012933389,4.224508e-05
1996-11-01,6.714785e-06,-3.5412188e-05,1.9009894e-07,-4.0145955e-05,-6.586575e-06,7.8045356e-05,3.4253462e-05
1996-12-01,8.334711e-06,-3.2271346e-05,9.100622e-07,-4.5581706e-05,-4.5256747e-06,4.098514e-05,3.8303268e-05
1997-01-01,8.9282985e-06,-2.5919588e-05,2.1251253e-06,-4.3226064e-05,-8.7022636e-07,4.650724e-05,4.5792665e-05
1997-02-01,8.233299e-06,-3.4700082e-05,5.0020026e-07,-4.553621e-05,-2.43642e-06,4.4764845e-05,4.9345974e-05
1997-03-01,6.764989e-06,-3.617818e-05,-3.6120764e-07,-3.245846e-05,-3.9340957e-06,8.2226325e-05,3.2959637e-05
1997-04-01,7.107592e-06,-2.2278182e-05,9.602663e-07,-1.8852123e-05,-5.265363e-06,9.5910975e-05,2.9455266e-05
1997-05-01,3.1235759e-06,-3.0520292e-05,2.9463263e-07,4.526407e-05,-4.47248e-06,0.00012992682,2.0792242e-05
1997-06-01,5.8546357e-06,-5.1849936e-05,3.1040036e-06,6.676992e-05,-3.865578e-06,0.00016942435,5.267313e-06
1997-07-01,4.2297033e-06,-4.5203393e-05,-2.9748044e-06,9.340506e-05,-7.810435e-06,0.00017756858,3.648358e-05
1997-08-01,8.889139e-06,-3.6501217e-05,1.4105535e-06,8.070907e-05,-7.467832e-06,0.00016144654,2.3219844e-05
1997-09-01,6.50069e-06,-4.403854e-05,1.7825223e-06,4.4187313e-05,-6.5085333e-06,0.00013919675,3.9939e-05
1997-10-01,3.6423808e-06,-5.1791205e-05,-1.3694516e-06,-7.477618e-06,-4.237547e-06,0.00013728795,4.0457806e-05
1997-11-01,5.6588615e-06,-4.2589796e-05,1.8021019e-06,-3.0588817e-05,-4.394169e-06,7.044069e-05,2.1780907e-05
1997-12-01,5.864422e-06,-5.410135e-05,2.516681e-06,-4.3470784e-05,-4.8150832e-06,3.8157454e-05,4.2386186e-05
1998-01-01,5.376467e-06,-2.4722813e-05,2.502402e-06,-3.3945948e-05,-4.6479145e-06,2.892637e-05,3.0163086e-05
1998-02-01,6.587059e-06,-5.409052e-05,5.0890594e-06,-2.7649137e-05,-4.134072e-06,9.295643e-06,4.955866e-05
1998-03-01,5.2545365e-06,-4.2515883e-05,6.6474604e-07,-3.415497e-05,-5.4665907e-06,6.447766e-05,3.8323684e-05
1998-04-01,9.095333e-06,-4.571219e-05,-1.260003e-06,-2.5802769e-05,-3.872792e-06,9.446373e-05,3.9264287e-05
1998-05-01,6.256105e-06,-2.7257218e-05,4.47013e-07,5.9913997e-05,-3.567966e-06,0.000110906854,1.0096897e-05
1998-06-01,9.696272e-06,-4.4867385e-05,-4.935322e-06,8.676472e-05,-3.3850702e-06,0.0001579631,2.2481498e-05
1998-07-01,1.1934557e-05,-4.8412065e-05,2.641751e-06,9.028327e-05,-7.408762e-06,0.0001849706,3.9621365e-05
1998-08-01,1.1464257e-05,-4.0242758e-05,2.641751e-06,7.3186944e-05,-6.1197898e-06,0.00018483125,3.03634e-05
1998-09-01,8.128602e-06,-5.8218717e-05,1.4747093e-06,7.38924e-05,-4.909194e-06,0.00016645466,3.763565e-05
1998-10-01,7.484112e-06,-4.4188066e-05,1.0827898e-06,3.667763e-05,-4.4824446e-06,0.00014165933,4.5648194e-05
1998-11-01,1.0157863e-05,-4.0390816e-05,7.779672e-07,-3.3327586e-05,-3.297977e-06,9.083195e-05,3.0258889e-05
1998-12-01,5.1238967e-06,-2.9939674e-05,8.8247543e-07,-4.350003e-05,-4.83081e-06,5.6369317e-05,2.6914524e-05
1999-01-01,3.718429e-06,-3.679646e-05,1.9432919e-06,-4.36962e-05,-1.960405e-06,6.141439e-05,3.672312e-05
1999-02-01,6.1923747e-06,-3.0073432e-05,1.8710016e-06,-4.087686e-05,-2.0648222e-06,6.616951e-05,3.6393794e-05
1999-03-01,5.2525975e-06,-3.7896883e-05,1.0195799e-06,-3.4025317e-05,-3.060828e-06,6.1816005e-05,4.506867e-05
1999-04-01,1.364966e-06,-4.0716215e-05,-1.8238534e-06,-1.2490738e-05,-6.0247403e-06,0.00012814668,3.7815513e-05
1999-05-01,-5.2536416e-06,-3.8218175e-05,6.5009226e-07,5.6819918e-05,-3.9443767e-06,0.00017185841,2.9735025e-05
1999-06-01,6.6743123e-06,-3.2378695e-05,1.4211946e-06,6.964749e-05,-2.3346001e-07,0.00017989072,2.8257084e-05
1999-07-01,9.975585e-06,-6.119857e-05,9.1515903e-07,9.058768e-05,-4.3620603e-06,0.00019209177,3.959868e-05
1999-08-01,5.7586294e-06,-3.470003e-05,8.669631e-07,7.438654e-05,-4.9403825e-06,0.00018475024,3.5108627e-05
1999-09-01,9.991651e-06,-3.176021e-05,2.8107788e-06,6.0064966e-05,-3.623085e-06,0.00017397091,2.999206e-05
1999-10-01,5.9112463e-06,-5.1712428e-05,-1.0286567e-06,3.8843646e-05,-5.5428027e-06,0.00014173731,4.726149e-05
1999-11-01,4.9634327e-06,-4.5640016e-05,-8.358802e-07,-5.0130067e-05,-3.486537e-06,8.3671875e-05,2.918883e-05
1999-12-01,8.618128e-06,-3.911779e-05,-1.2134005e-06,-3.0836498e-05,-1.9282743e-06,6.237023e-05,3.304433e-05
2000-01-01,7.4929812e-06,-1.9852669e-05,2.7957176e-06,-3.8504753e-05,-3.5774137e-06,3.9398925e-05,3.462915e-05
2000-02-01,9.144678e-06,-2.5065587e-05,2.844059e-06,-4.9470407e-05,-2.8039358e-06,5.0348463e-05,4.1824096e-05
2000-03-01,1.1086428e-05,-3.877064e-05,1.7885832e-06,-3.5765355e-05,-3.0375886e-06,7.190915e-05,3.3259446e-05
2000-04-01,5.502887e-06,-4.4023836e-05,-1.853914e-07,-5.2210526e-06,-4.0608356e-06,0.00013115269,3.4862802e-05
2000-05-01,6.526134e-06,-5.7446894e-05,2.7151473e-06,6.01539e-05,-4.020556e-06,0.00016026283,2.7522823e-05
2000-06-01,8.524283e-06,-3.507245e-05,3.8189646e-06,7.898324e-05,-1.7733691e-07,0.00019598781,3.2639055e-05
2000-07-01,8.943251e-06,-3.6981968e-05,-3.86819e-07,7.706566e-05,-1.7001221e-06,0.00018229889,3.0310566e-05
2000-08-01,1.0643289e-05,-3.115672e-05,2.5056652e-06,7.356084e-05,-5.212998e-06,0.00018464349,3.2397344e-05
2000-09-01,7.30767e-06,-3.4298973e-05,2.5378904e-06,5.9162885e-05,-3.247078e-06,0.00016450085,4.0180457e-05
2000-10-01,8.637082e-06,-4.421721e-05,1.4663019e-06,4.0760566e-05,-3.939982e-06,0.00013946756,4.4708526e-05
2000-11-01,9.088279e-06,-3.7489568e-05,3.230798e-06,-2.838509e-05,-5.6883655e-06,5.884866e-05,2.8747494e-05
2000-12-01,9.813411e-06,-4.1252213e-05,3.9398183e-06,-3.2268596e-05,-4.6812347e-06,5.3877455e-05,3.803728e-05
2001-01-01,9.278832e-06,-3.019526e-05,1.9674117e-06,-2.7003618e-05,-3.7623977e-06,1.4648751e-05,4.8913935e-05
2001-02-01,6.106129e-06,-2.2514483e-05,1.9958243e-06,-2.477799e-05,-4.7189387e-06,6.0042068e-05,3.6838726e-05
2001-03-01,7.810864e-06,-4.127605e-05,3.1950185e-07,-4.4742344e-05,-2.6353737e-06,7.612341e-05,3.9168528e-05
2001-04-01,8.540112e-06,-4.1891653e-05,-1.5935948e-06,-2.0430918e-05,-5.3250697e-06,0.00012673512,3.7567974e-05
2001-05-01,7.5077987e-06,-4.1579107e-05,-2.3927714e-07,6.2911706e-05,-1.9724248e-06,0.0001799418,1.8029808e-05
2001-06-01,5.717826e-06,-4.4230917e-05,7.326162e-08,8.970447e-05,-3.2983298e-06,0.00017458136,2.5047637e-05
2001-07-01,9.165182e-06,-3.1757947e-05,1.2949895e-06,8.19858e-05,-3.2699172e-06,0.0001722989,2.8343457e-05
2001-08-01,5.7462385e-06,-2.500529e-05,1.0108633e-06,7.357578e-05,-5.2208925e-06,0.0001731797,2.3210312e-05
2001-09-01,5.2632313e-06,-4.1910585e-05,8.8774686e-07,4.8686637e-05,-2.5406698e-06,0.00013475685,4.3411426e-05
2001-10-01,5.7557118e-06,-4.7432033e-05,6.6991925e-07,3.89507e-05,-5.1830066e-06,0.00012062648,4.307048e-05
2001-11-01,4.581336e-06,-4.2658772e-05,7.835697e-07,-3.294179e-05,-4.1696403e-06,7.60287e-05,2.8125629e-05
2001-12-01,8.615883e-06,-2.7893875e-05,2.6303605e-06,-4.541476e-05,-3.7150385e-06,5.9113936e-05,2.7434267e-05
2002-01-01,1.0978951e-05,-2.5346504e-05,8.974748e-07,-4.811441e-05,-4.921363e-06,4.1781583e-05,4.2483567e-05
2002-02-01,9.448122e-06,-3.0437986e-05,1.2104065e-06,-5.201337e-05,-4.320871e-06,5.7622696e-05,4.111343e-05
2002-03-01,6.7586006e-06,-2.8044487e-05,-1.851251e-06,-3.1131516e-05,-2.7731294e-06,7.775182e-05,4.1722382e-05
2002-04-01,2.4367619e-06,-5.1150688e-05,1.8954743e-06,-2.745245e-05,-4.033318e-06,0.00012814229,3.2055326e-05
2002-05-01,5.1093666e-06,-4.2202533e-05,2.3014363e-06,4.3092514e-05,-3.7711288e-06,0.00012538511,2.3445475e-05
2002-06-01,9.871004e-06,-3.710259e-05,-1.2507589e-06,7.928265e-05,-3.3059623e-06,0.00016311453,2.6025049e-05
2002-07-01,1.1173477e-05,-4.742088e-05,9.059295e-07,6.793253e-05,-2.1303495e-06,0.00017711188,1.6357993e-05
2002-08-01,8.551615e-06,-3.132604e-05,1.1937664e-07,7.24489e-05,-5.86862e-06,0.00019055948,3.3704564e-05
2002-09-01,5.7859725e-06,-3.739015e-05,6.7757355e-07,5.7216734e-05,-6.545226e-06,0.00015366738,2.6617083e-05
2002-10-01,5.473041e-06,-3.7999096e-05,-4.7266076e-07,9.625732e-06,-4.100977e-06,0.00013083182,3.9218925e-05
2002-11-01,7.232229e-06,-4.8791015e-05,5.760812e-07,-3.4193174e-05,-2.3587054e-06,7.337923e-05,4.5951187e-05
2002-12-01,9.6172735e-06,-4.7513917e-05,3.5024204e-06,-2.8289753e-05,-3.382076e-06,3.9912455e-05,4.3219377e-05
2003-01-01,6.6260945e-06,-3.1504715e-05,2.6575726e-06,-3.554271e-05,-4.715017e-06,3.932081e-05,4.4513756e-05
2003-02-01,8.10235e-06,-2.7353832e-05,1.5373553e-06,-3.282466e-05,-4.715017e-06,4.6319998e-05,4.4036144e-05
2003-03-01,8.050247e-06,-1.6255864e-05,1.3897297e-06,-3.9780432e-05,-4.0463638e-06,6.846383e-05,4.6927868e-05
2003-04-01,3.6127967e-06,-3.983253e-05,-7.638664e-07,-1.7063467e-05,-4.2547763e-06,9.054688e-05,4.2238586e-05
2003-05-01,7.451061e-06,-4.890716e-05,-1.0157019e-06,4.3628002e-05,-4.4979242e-06,0.00013992327,2.8518094e-05
2003-06-01,9.474399e-06,-2.9238225e-05,-2.5614208e-06,9.0955014e-05,-4.9147493e-06,0.0001812237,3.344184e-05
2003-07-01,8.901265e-06,-4.6206485e-05,-3.169298e-06,9.932625e-05,-3.7076898e-06,0.00019206983,2.824021e-05
2003-08-01,7.4163254e-06,-5.377012e-05,1.6936647e-06,7.141634e-05,-4.471869e-06,0.00016453333,2.368987e-05
2003-09-01,6.365579e-06,-4.868138e-05,1.4505167e-06,6.1586215e-05,-4.2895117e-06,0.00016448123,3.7775084e-05
2003-10-01,4.00357e-06,-4.4408924e-05,6.602859e-07,1.17929885e-05,-3.7598002e-06,0.000118873606,4.785704e-05
2003-11-01,7.954724e-06,-3.0427916e-05,4.6056084e-07,-5.2867e-05,-2.6048438e-06,8.1689344e-05,4.0414976e-05
2003-12-01,8.015511e-06,-3.8391016e-05,1.5894584e-06,-4.111774e-05,-3.195346e-06,4.1925967e-05,3.792271e-05
2004-01-01,9.969619e-06,-2.25341e-05,1.0864533e-06,-2.1604152e-05,-4.8740403e-06,4.7016776e-05,3.9267252e-05
2004-02-01,1.1484102e-05,-3.233835e-05,8.207571e-07,-3.0221621e-05,-5.5294295e-06,4.911579e-05,4.6547375e-05
2004-03-01,8.463998e-06,-3.154126e-05,1.2990131e-06,-4.635835e-05,-4.8386137e-06,6.675813e-05,3.9072405e-05
2004-04-01,5.576745e-06,-3.8529113e-05,1.3432946e-06,-1.5466532e-05,-4.254078e-06,0.00011003148,3.898384e-05
2004-05-01,7.0735114e-06,-4.3975924e-05,-2.5536065e-06,7.403826e-05,-1.3933968e-06,0.00014115356,3.046379e-05
2004-06-01,1.0846423e-05,-3.551787e-05,-3.1027157e-06,8.0609854e-05,-2.6244597e-06,0.00018742043,2.7133712e-05
2004-07-01,6.3738407e-06,-3.7112062e-05,-2.4827532e-06,8.5631546e-05,-1.6325212e-06,0.00018546314,2.364421e-05
2004-08-01,8.561423e-06,-3.1966374e-05,6.347691e-07,7.421539e-05,-4.3780674e-06,0.0001835324,3.8992697e-05
2004-09-01,1.0067044e-05,-5.3381627e-05,1.2458695e-06,5.2383875e-05,-6.149392e-06,0.00015072754,3.8284168e-05
2004-10-01,8.2071565e-06,-4.6579757e-05,5.9934246e-07,-9.833733e-06,-1.6502381e-06,0.0001196586,4.3686694e-05
2004-11-01,8.463998e-06,-4.642034e-05,-1.9690706e-06,-3.227636e-05,-2.9787261e-06,9.2212e-05,3.205798e-05
2004-12-01,8.809409e-06,-2.7405229e-05,2.7249262e-06,-4.107096e-05,-2.4296169e-06,4.9053793e-05,3.507808e-05
2005-01-01,8.332052e-06,-2.0929183e-05,4.021349e-07,-3.2633674e-05,-4.076035e-06,4.995171e-05,4.0937426e-05
2005-02-01,1.31164925e-05,-2.0341475e-05,2.6969064e-07,-2.770024e-05,-3.9932565e-06,6.056356e-05,4.4364344e-05
2005-03-01,1.1850021e-05,-3.1185096e-05,-5.7461875e-07,-3.1541036e-05,-2.6605703e-06,6.285645e-05,3.4547138e-05
2005-04-01,6.1881583e-06,-4.1854895e-05,1.925211e-06,-2.0457359e-05,-4.506466e-06,0.00010951715,4.21294e-05
2005-05-01,9.424693e-06,-3.614337e-05,-1.7729326e-07,4.5870864e-05,-4.5809647e-06,0.0001538767,3.4191202e-05
2005-06-01,7.5622374e-06,-3.4512683e-05,-1.1540542e-06,8.0330414e-05,-4.4733606e-06,0.00017840315,3.4969293e-05
2005-07-01,3.3489487e-06,-3.6855243e-05,-5.011403e-06,8.8864595e-05,-4.282978e-06,0.00019335246,3.2436357e-05
2005-08-01,3.5890043e-06,-4.078709e-05,3.2578973e-06,6.098572e-05,-6.8159134e-06,0.00017304756,3.0052415e-05
2005-09-01,5.4100674e-06,-5.325312e-05,4.1353196e-06,6.266607e-05,-5.67361e-06,0.00015589641,3.84376e-05
2005-10-01,5.4100674e-06,-4.9942086e-05,-1.2762757e-07,1.7826434e-05,-2.2301392e-06,0.00013652688,4.5721867e-05
2005-11-01,7.057304e-06,-4.208667e-05,1.916931e-06,-2.6516544e-05,-3.8608196e-06,8.5603235e-05,3.8280326e-05
2005-12-01,5.8487785e-06,-3.0597388e-05,2.6453563e-06,-5.9502687e-05,-2.8344002e-06,5.882527e-05,2.9770978e-05
2006-01-01,8.577987e-06,-1.0671123e-05,2.1586711e-06,-3.5870915e-05,-2.863606e-06,6.399985e-05,3.1752956e-05
2006-02-01,7.446204e-06,-2.2501757e-05,1.4866746e-06,-3.0804433e-05,-3.4471814e-06,6.819981e-05,3.5183664e-05
2006-03-01,9.833555e-06,-3.695848e-05,5.9363083e-07,-2.5180896e-05,-2.9520234e-06,6.8155605e-05,4.1903608e-05
2006-04-01,-1.4577236e-06,-4.0194667e-05,-3.093497e-06,-1.4959507e-05,-4.0484374e-06,0.00011891771,3.3264943e-05
2006-05-01,-3.4153345e-08,-2.7638984e-05,1.8895662e-08,4.0223622e-05,-4.2694883e-06,0.00013565569,2.3025867e-05
2006-06-01,7.835253e-06,-3.846163e-05,-2.9697112e-06,7.911972e-05,-4.5524357e-06,0.00018169614,2.8216142e-05
2006-07-01,4.439913e-06,-2.1873973e-05,-2.1031883e-06,8.076434e-05,-5.8964215e-06,0.00019551624,2.8923503e-05
2006-08-01,1.2479395e-06,-4.0433406e-05,7.7046934e-07,6.6944245e-05,-6.5153654e-06,0.00016833583,1.8967374e-05
2006-09-01,3.6706588e-06,-4.234328e-05,3.018431e-07,6.420322e-05,-6.5153654e-06,0.0001756924,3.330031e-05
2006-10-01,7.9413585e-06,-4.4323897e-05,-3.613095e-07,-1.101596e-05,-5.560425e-06,0.00013459464,3.9259838e-05
2006-11-01,3.0517149e-06,-4.913396e-05,-4.9394293e-07,-2.3916487e-05,-5.3482145e-06,7.836815e-05,3.8623213e-05
2006-12-01,8.64872e-06,-3.4854078e-05,4.1127605e-06,-4.4580316e-05,-4.587804e-06,1.6633076e-05,3.4617773e-05
2007-01-01,6.7913643e-06,-3.7614358e-05,4.0728482e-06,-3.8426006e-05,-5.1779352e-06,3.9335362e-05,4.89773e-05
2007-02-01,6.0286184e-06,-4.950544e-05,3.3198812e-06,-5.2947595e-05,-4.4054104e-06,3.2519507e-05,4.8283004e-05
2007-03-01,8.043062e-06,-4.1095627e-05,-1.0121512e-06,-4.2777596e-05,-4.1218227e-06,7.673944e-05,4.265039e-05
2007-04-01,5.901493e-06,-4.995527e-05,2.1020242e-07,-1.912257e-05,-3.3590695e-06,0.00010980172,3.12287e-05
2007-05-01,6.057955e-06,-5.3104057e-05,1.6770355e-06,4.435191e-05,-3.0070369e-06,0.00015655436,2.0716441e-05
2007-06-01,7.9843885e-06,-4.2229978e-05,-1.696666e-06,9.710877e-05,-5.021473e-06,0.00016019211,2.5527632e-05
2007-07-01,1.1680793e-05,-3.642135e-05,-1.4033067e-06,8.0670536e-05,-1.0121512e-06,0.00018327995,1.0458432e-05
2007-08-01,5.9406084e-06,-6.659886e-05,1.9410581e-06,7.4069816e-05,-5.1779352e-06,0.00018206736,3.1473173e-05
2007-09-01,4.023954e-06,-4.648378e-05,3.1927557e-06,7.86561e-05,-6.312286e-06,0.00016573671,3.8660623e-05
2007-10-01,6.4686683e-06,-3.6538695e-05,1.7454804e-06,-1.822292e-05,-4.336958e-06,0.00012064645,3.7682737e-05
2007-11-01,7.691022e-06,-3.874871e-05,1.2174278e-06,-4.1027175e-05,-2.1464948e-06,7.2211835e-05,2.9067574e-05
2007-12-01,1.0634452e-05,-3.5228324e-05,2.645138e-06,-5.646798e-05,-4.180496e-06,4.340336e-05,3.9560276e-05
2008-01-01,9.271869e-06,-4.139107e-05,2.3568973e-06,-3.5369423e-05,-4.2437605e-06,4.7593734e-05,4.7610276e-05
2008-02-01,9.59446e-06,-2.0133313e-05,7.935814e-07,-5.994405e-05,-3.0278497e-06,5.4914013e-05,4.7221518e-05
2008-03-01,4.780446e-06,-3.2308966e-05,1.4840407e-07,-3.7205693e-05,-3.4248842e-06,8.096924e-05,4.5236357e-05
2008-04-01,3.2584903e-06,-4.1895637e-05,1.1740703e-06,-1.690743e-05,-3.5820412e-06,0.00012403067,3.0074694e-05
2008-05-01,3.1383388e-07,-4.1655763e-05,2.787012e-06,4.7593734e-05,-2.0435436e-06,0.00016254278,2.4582418e-05
2008-06-01,5.789567e-06,-4.2788957e-05,-2.6473608e-06,7.9463825e-05,-2.7300775e-06,0.0001753967,2.7303742e-05
2008-07-01,4.8962465e-06,-3.4517452e-05,-5.8775913e-07,8.402142e-05,-6.7003966e-06,0.00018667075,2.4210201e-05
2008-08-01,4.5322995e-06,-3.7610993e-05,2.32381e-06,7.075394e-05,-6.3778098e-06,0.00017863912,2.4350817e-05
2008-09-01,3.366018e-06,-4.9894177e-05,4.110454e-06,5.0124814e-05,-4.202404e-06,0.0001401601,3.924779e-05
2008-10-01,6.9889356e-06,-5.26155e-05,7.35683e-07,-4.1405656e-07,-3.441426e-06,0.00011596596,4.3813656e-05
2008-11-01,8.1883045e-06,-3.405425e-05,1.8854189e-06,-4.059701e-05,-3.838457e-06,6.499697e-05,3.7891263e-05
2008-12-01,6.459559e-06,-2.115071e-05,5.741822e-08,-3.530325e-05,-4.1527746e-06,6.2192936e-05,3.4102915e-05
2009-01-01,9.073432e-06,-2.3687964e-05,2.6731614e-06,-5.424927e-05,-3.66311e-06,5.811553e-05,3.4482517e-05
2009-02-01,8.873423e-06,-4.9649076e-05,2.2971435e-06,-4.5592904e-05,-4.0471277e-06,7.084407e-05,3.893871e-05
2009-03-01,4.6732457e-06,-2.6568086e-05,3.3531906e-06,-2.8776187e-05,-3.919122e-06,7.990046e-05,4.2850876e-05
2009-04-01,8.113391e-06,-2.3711968e-05,-2.869674e-07,-2.332795e-05,-4.6151545e-06,0.00011954215,3.4634526e-05
2009-05-01,3.0571755e-06,-3.5416466e-05,2.7305578e-07,3.217842e-05,-2.591063e-06,0.00013843896,2.304203e-05
2009-06-01,7.753377e-06,-3.717654e-05,3.017176e-06,6.7435925e-05,-2.3670545e-06,0.00016700018,2.6442176e-05
2009-07-01,6.6573302e-06,-5.6729376e-05,-1.207005e-06,8.9388865e-05,-4.071131e-06,0.00020122564,3.4834535e-05
2009-08-01,1.2170967e-06,-3.2368334e-05,2.017132e-06,7.3444186e-05,-4.2871397e-06,0.00018673702,2.7066202e-05
2009-09-01,5.209269e-06,-5.6833385e-05,7.5307616e-07,5.4219363e-05,-5.7992e-06,0.00016407206,3.970674e-05
2009-10-01,5.7692923e-06,-4.255277e-05,6.330738e-07,6.4573214e-06,-2.455061e-06,0.00013864697,4.4290937e-05
2009-11-01,6.7133333e-06,-3.4056407e-05,2.9051698e-06,-3.4712437e-05,-3.9671213e-06,6.971602e-05,3.4762532e-05
2009-12-01,9.329444e-06,-3.1176285e-05,2.8011636e-06,-4.1576728e-05,-3.4391014e-06,5.2883304e-05,3.0474348e-05
2010-01-01,6.277016e-06,-4.1374926e-05,2.5072404e-06,-4.5694975e-05,-4.0138984e-06,4.6602945e-05,3.9063394e-05
2010-02-01,1.0547787e-05,-4.3649936e-05,2.3019147e-06,-4.5366458e-05,-3.463625e-06,6.6034954e-05,3.981078e-05
2010-03-01,8.749135e-06,-4.224551e-05,7.9071833e-07,-3.571616e-05,-3.9810475e-06,6.227339e-05,3.845563e-05
2010-04-01,-2.5233385e-07,-3.4106404e-05,-1.8045976e-06,-8.719959e-06,-5.6482895e-06,0.00012313187,2.7786917e-05
2010-05-01,6.671242e-06,-3.427888e-05,-1.7060411e-06,6.165741e-05,-3.0447627e-06,0.00015842322,3.0809308e-05
2010-06-01,4.379808e-06,-5.9928145e-05,-6.288905e-06,8.302769e-05,-4.588808e-06,0.00018027808,2.1339696e-05
2010-07-01,6.613751e-06,-3.245559e-05,-1.7060411e-06,8.8924644e-05,-3.373283e-06,0.00019258118,2.7023107e-05
2010-08-01,2.4168967e-06,-4.7813937e-05,-1.3200261e-06,7.428904e-05,-5.5415185e-06,0.00017998241,3.1877e-05
2010-09-01,2.7372043e-06,-5.0819905e-05,3.6899146e-06,6.647846e-05,-6.8884547e-06,0.0001603615,3.9096245e-05
2010-10-01,4.806885e-06,-3.672636e-05,3.6242109e-06,1.3956191e-05,-1.9770705e-06,0.00011659431,4.217613e-05
2010-11-01,5.258602e-06,-5.391621e-05,3.8006692e-07,-4.8996615e-05,-2.1166888e-06,7.6646174e-05,3.3462115e-05
2010-12-01,5.595335e-06,-3.2061365e-05,2.1580672e-07,-4.902125e-05,-1.7060411e-06,6.0441886e-05,3.22548e-05
2011-01-01,8.4400635e-06,-3.0082316e-05,-2.173183e-07,-4.575531e-05,-3.018482e-06,6.116292e-05,3.782269e-05
2011-02-01,7.813822e-06,-3.0065392e-05,7.643612e-07,-3.3391247e-05,-3.0777228e-06,4.8519592e-05,4.499063e-05
2011-03-01,4.098678e-06,-4.7997935e-05,-6.2352774e-07,-4.776944e-05,-2.5784175e-06,7.028576e-05,3.5360034e-05
2011-04-01,6.3666957e-06,-4.4028908e-05,5.6972203e-07,-2.1619584e-05,-5.0495364e-06,0.00011312413,3.2905842e-05
2011-05-01,1.7798884e-06,-6.167372e-05,1.5937112e-06,4.2130225e-05,-4.5079214e-06,0.00016294427,2.826826e-05
2011-06-01,6.5782624e-06,-4.0254527e-05,6.6281063e-07,7.3814714e-05,-1.6898339e-06,0.00015981306,8.177722e-06
2011-07-01,6.9336966e-06,-4.848031e-05,-4.542744e-07,8.0889564e-05,-3.3316028e-06,0.00016471298,3.552929e-05
2011-08-01,3.5993799e-06,-3.3789e-05,1.0351723e-06,7.368778e-05,-5.1087773e-06,0.00016996835,3.6316324e-05
2011-09-01,5.156522e-06,-3.082704e-05,2.3299654e-06,5.9817346e-05,-5.2864925e-06,0.00015529396,3.8584338e-05
2011-10-01,-7.843191e-07,-4.8861133e-05,-8.943316e-07,-6.0660386e-07,-3.5770208e-06,0.00010604929,3.639249e-05
2011-11-01,7.2468174e-06,-3.1977972e-05,9.843934e-07,-8.223069e-06,-3.9578445e-06,6.867784e-05,3.3007393e-05
2011-12-01,7.026789e-06,-2.2846674e-05,1.4583056e-06,-5.5690558e-05,-3.1623495e-06,3.6172456e-05,3.7771915e-05
2012-01-01,1.176287e-05,-3.895958e-05,2.2151144e-06,-2.9349481e-05,-3.5651974e-06,3.7645128e-05,4.085146e-05
2012-02-01,7.861829e-06,-2.9206982e-05,2.500121e-06,-5.163352e-05,-2.7279893e-06,5.3267107e-05,3.0323994e-05
2012-03-01,1.04625215e-05,-1.8608254e-05,4.3381442e-07,-4.510506e-05,-4.464753e-06,6.0606057e-05,3.2425924e-05
2012-04-01,8.2359e-06,-5.4830947e-05,6.653863e-07,-1.837669e-05,-4.642883e-06,9.3497714e-05,4.4146866e-05
2012-05-01,8.574349e-06,-4.101698e-05,-1.2729288e-07,3.7573875e-05,-4.7141366e-06,0.00015314447,3.3165164e-05
2012-06-01,7.719325e-06,-2.9643394e-05,-6.884002e-07,8.0930666e-05,-4.8032016e-06,0.00016803612,1.5093898e-05
2012-07-01,1.105035e-05,-5.3111995e-05,2.913148e-07,8.04319e-05,-7.3682677e-06,0.00015940574,2.9887575e-05
2012-08-01,5.501606e-06,-3.295661e-05,3.2215466e-06,7.606772e-05,-7.5107746e-06,0.00016253191,2.069608e-05
2012-09-01,3.7203135e-06,-5.1054594e-05,2.4377732e-06,5.980447e-05,-6.9229427e-06,0.00015815883,3.4002373e-05
2012-10-01,6.4278865e-06,-5.158008e-05,7.366398e-07,9.945947e-06,-3.6898855e-06,0.000115897536,4.0691146e-05
2012-11-01,7.915267e-06,-4.9647373e-05,2.8240902e-07,-2.1200045e-05,-3.3514443e-06,8.08416e-05,4.5687688e-05
2012-12-01,6.570386e-06,-3.6804217e-05,2.3398024e-06,-4.5835397e-05,-3.8680155e-06,4.6881156e-05,4.367482e-05
2013-01-01,1.1358425e-05,-2.6283968e-05,2.4051624e-06,-3.13368e-05,-3.9451297e-06,3.777499e-05,3.6542002e-05
2013-02-01,1.2929882e-05,-2.4067813e-05,-2.1393134e-07,-3.2859905e-05,-4.888003e-06,5.2675605e-05,4.1586776e-05
2013-03-01,1.1140841e-05,-4.440808e-05,-1.0916483e-07,-4.293333e-05,-3.2520766e-06,8.744909e-05,4.1216073e-05
2013-04-01,6.676295e-06,-3.9016784e-05,-5.685142e-07,-1.0198055e-06,-5.693877e-06,9.065647e-05,2.8426846e-05
2013-05-01,5.628659e-06,-5.377234e-05,-9.3048584e-08,6.5198896e-05,-2.534849e-06,0.00016852812,3.513172e-05
2013-06-01,1.0625081e-05,-3.4197656e-05,-1.6483864e-06,8.8811015e-05,-3.3971337e-06,0.00017167907,1.7918244e-05
2013-07-01,1.1487366e-05,-4.3666674e-05,-1.1487464e-06,8.581316e-05,-2.7040805e-06,0.0001595426,2.6686157e-05
2013-08-01,1.04155515e-05,-3.9742066e-05,1.8813444e-06,7.270159e-05,-5.1055868e-06,0.00017541833,1.8732177e-05
2013-09-01,6.4990018e-06,-4.3175096e-05,2.630808e-06,6.0500646e-05,-6.8221016e-06,0.00014250643,3.622771e-05
2013-10-01,8.288043e-06,-5.389322e-05,-2.945162e-07,2.3559363e-05,-4.5173e-06,0.00012831498,4.2561882e-05
2013-11-01,5.9590675e-06,-2.6364556e-05,3.2600656e-07,-2.8870825e-05,-3.9048355e-06,7.893099e-05,3.462402e-05
2013-12-01,1.017379e-05,-1.4042736e-05,3.0337433e-06,-4.5737776e-05,-4.4125372e-06,3.6783764e-05,3.9153034e-05
2014-01-01,7.537412e-06,-3.0506912e-05,9.032883e-07,-3.3160562e-05,-1.6983322e-06,5.316979e-05,4.0664683e-05
2014-02-01,1.2202981e-05,-4.5249413e-05,1.5363476e-06,-4.3003347e-05,-2.8603827e-06,3.509722e-05,4.512212e-05
2014-03-01,1.0060983e-05,-3.8120976e-05,1.8485443e-06,-4.3020693e-05,-2.756322e-06,6.543208e-05,2.7908081e-05
2014-04-01,7.4073323e-06,-4.9836934e-05,-2.0105217e-06,-2.6769252e-05,-3.9183797e-06,0.00010247912,3.914707e-05
2014-05-01,2.360197e-06,-2.9552983e-05,-3.8017606e-07,4.098555e-05,-2.7042915e-06,0.00017545451,2.7725968e-05
2014-06-01,8.846895e-06,-4.4677057e-05,-2.8950744e-06,8.8603825e-05,-4.265261e-06,0.00017467402,1.8030605e-05
2014-07-01,9.939577e-06,-4.8830974e-05,-4.273934e-06,8.614964e-05,-2.0365405e-06,0.00016872498,2.7795344e-05
2014-08-01,2.3948814e-06,-4.650686e-05,2.7851274e-06,7.5535034e-05,-4.6381538e-06,0.00016488327,2.7465809e-05
2014-09-01,5.8810474e-06,-5.1345865e-05,2.2127715e-06,6.0263534e-05,-3.7796199e-06,0.00015545674,3.7612117e-05
2014-10-01,4.632275e-06,-4.439088e-05,2.1607339e-06,1.2029544e-05,-4.785579e-06,0.00011821024,4.6119407e-05
2014-11-01,8.864241e-06,-3.7375183e-05,-8.918287e-07,-3.1443495e-05,-2.4267792e-06,7.694858e-05,4.4384997e-05
2014-12-01,7.450697e-06,-4.3575703e-05,3.4008408e-06,-4.9550756e-05,-2.652254e-06,4.5477675e-05,3.0622436e-05
2015-01-01,1.1138145e-05,-2.4078305e-05,5.8423757e-06,-3.6412217e-05,-4.2856846e-06,3.7119185e-05,4.241496e-05
2015-02-01,8.477386e-06,-4.364777e-05,3.6193524e-06,-3.369138e-05,-3.2728785e-06,5.3452823e-05,4.104166e-05
2015-03-01,8.176976e-06,-2.0885396e-05,1.2590026e-06,-4.4394503e-05,-2.8694703e-06,7.755416e-05,3.788308e-05
2015-04-01,8.271392e-06,-3.434369e-05,1.0886288e-07,8.992371e-06,-3.976689e-06,0.00010286572,3.1729e-05
2015-05-01,9.095369e-06,-4.7355672e-05,-1.4275065e-06,5.343566e-05,-2.6463094e-06,0.00015330859,3.4930497e-05
2015-06-01,9.833515e-06,-3.209492e-05,1.2603414e-07,8.9261506e-05,-5.418653e-06,0.00014436501,2.8312927e-05
2015-07-01,4.8381553e-06,-4.680635e-05,-2.6021007e-07,7.901329e-05,-5.2469913e-06,0.00017597656,1.6948903e-05
2015-08-01,2.032757e-07,-4.530431e-05,3.577734e-07,7.040444e-05,-6.5172862e-06,0.00017287806,3.741101e-05
2015-09-01,2.7181231e-06,-3.6755548e-05,2.0314765e-06,5.6817396e-05,-7.5215066e-06,0.00015837263,3.8861555e-05
2015-10-01,5.1643074e-06,-5.6479505e-05,1.0873409e-06,1.6451086e-05,-5.710477e-06,0.00012220345,4.014044e-05
2015-11-01,6.563354e-06,-6.025606e-05,8.727584e-07,-1.693717e-05,-5.32424e-06,8.214612e-05,3.524807e-05
2015-12-01,6.426024e-06,-3.654955e-05,2.984205e-06,-3.3777207e-05,-2.8265567e-06,3.0355703e-05,4.197722e-05
2016-01-01,8.054951e-06,-3.358251e-05,3.3289289e-06,-3.0407595e-05,-5.428352e-06,3.692003e-05,4.2017673e-05
2016-02-01,9.9776735e-06,-3.3905657e-05,1.858607e-06,-5.3577212e-05,-3.465233e-06,5.10577e-05,4.1629894e-05
2016-03-01,5.7606085e-06,-2.739425e-05,1.858607e-06,-3.48751e-05,-2.9562725e-06,7.1100876e-05,2.1433225e-05
2016-04-01,6.7704423e-06,-4.6185232e-05,-1.4213292e-06,-3.259691e-05,-5.234462e-06,0.000105419065,4.28013e-05
2016-05-01,4.7507747e-06,-5.1185925e-05,-2.0756997e-06,7.57138e-05,-2.5765767e-06,0.00015566839,3.33331e-05
2016-06-01,9.913041e-06,-4.243673e-05,-4.151916e-06,8.6700784e-05,-2.8270151e-06,0.0001653143,2.83728e-05
2016-07-01,3.8944345e-06,-4.8140268e-05,-5.4041157e-06,8.209595e-05,-5.436428e-06,0.00016655034,2.5407928e-05
2016-08-01,4.346839e-06,-4.0336272e-05,-3.145542e-07,7.7006385e-05,-6.0100137e-06,0.00018049413,3.5982906e-05
2016-09-01,6.099912e-06,-3.7532976e-05,3.2966127e-06,6.4347114e-05,-6.1231112e-06,0.0001577769,3.4771103e-05
2016-10-01,5.8494734e-06,-4.9343987e-05,1.5596961e-06,1.4687535e-05,-5.775728e-06,0.00011605867,4.408581e-05
2016-11-01,6.859307e-06,-4.863307e-05,6.225746e-07,-1.9590254e-05,-5.476817e-06,8.128e-05,3.873773e-05
2016-12-01,9.5575815e-06,-2.8848408e-05,3.6405982e-07,-4.7946378e-05,-5.0648086e-06,5.9023267e-05,2.6765145e-05
2017-01-01,6.3185944e-06,-2.0817199e-05,3.0866286e-06,-4.567427e-05,-4.7663198e-06,5.3182077e-05,4.2478467e-05
2017-02-01,9.341751e-06,-3.7331083e-05,3.1229429e-06,-3.528841e-05,-2.7145652e-06,6.699055e-05,3.8474824e-05
2017-03-01,6.7089713e-06,-4.4366956e-05,-2.2152453e-06,-4.3549888e-05,-3.1412565e-06,7.795744e-05,4.3531574e-05
2017-04-01,4.7298454e-06,-5.5079654e-05,-2.3332614e-06,-1.9918421e-05,-5.9374506e-06,0.00012283272,3.7902875e-05
2017-05-01,9.5868745e-06,-4.918767e-05,-1.4072502e-06,5.145715e-05,-5.3473414e-06,0.0001733821,2.8388553e-05
2017-06-01,6.8996233e-06,-4.6382396e-05,-1.7431594e-06,7.8992394e-05,-2.3695757e-06,0.00017668668,2.2696302e-05
2017-07-01,2.6962516e-06,-3.8248014e-05,-8.8069646e-07,8.480267e-05,-4.7844733e-06,0.00016562901,3.1756696e-05
2017-08-01,1.0439544e-06,-4.1543528e-05,1.8156352e-06,8.0345104e-05,-5.2111645e-06,0.0001708855,3.3263736e-05
2017-09-01,4.6390633e-06,-4.289623e-05,3.6858182e-06,5.55425e-05,-5.9102167e-06,0.00015812105,3.91194e-05
2017-10-01,9.623189e-06,-3.7440026e-05,1.5795886e-06,2.5211059e-05,-2.850742e-06,0.00011635972,3.536088e-05
2017-11-01,5.77388e-06,-3.4416866e-05,9.804062e-07,-3.0385985e-05,-2.0609077e-06,8.0753634e-05,3.3817527e-05
2017-12-01,1.22832025e-05,-3.018626e-05,1.1256634e-06,-7.0286216e-05,-5.047754e-06,5.7285582e-05,3.730369e-05
2018-01-01,1.0241754e-05,-3.5224664e-05,1.9285799e-06,-2.739799e-05,-3.8069993e-06,4.0968076e-05,4.3144522e-05
2018-02-01,8.68837e-06,-2.167948e-05,1.5188925e-06,-4.0994382e-05,-5.7103243e-06,7.078114e-05,3.899647e-05
2018-03-01,1.1445201e-05,-2.3634013e-05,2.5254849e-08,-4.428893e-05,-3.132729e-06,2.3496748e-05,4.1335086e-05
2018-04-01,6.887465e-06,-3.1836236e-05,-1.4598554e-06,-3.2607568e-06,-4.7202557e-06,7.289784e-05,3.7750346e-05
2018-05-01,6.3668267e-06,-4.0781008e-05,-5.4659904e-07,5.8490612e-05,-3.201014e-06,0.00016756906,2.8660477e-05
2018-06-01,5.317008e-06,-4.09005e-05,-6.111477e-06,8.798788e-05,-2.3218963e-06,0.00016068123,2.5528097e-05
2018-07-01,4.0452796e-06,-4.422065e-05,-4.182548e-06,9.337352e-05,-3.730187e-06,0.00019457407,4.0191382e-05
2018-08-01,6.2473337e-06,-5.2124138e-05,2.5943154e-06,8.124516e-05,-3.875284e-06,0.0001725877,3.192088e-05
2018-09-01,5.5645287e-06,-3.401268e-05,2.7650167e-06,5.2251464e-05,-6.290713e-06,0.00015637101,2.319802e-05
2018-10-01,7.314222e-06,-3.647079e-05,3.6665733e-07,9.891817e-06,-3.8667495e-06,0.00012975007,5.0271323e-05
2018-11-01,9.6869735e-06,-2.4931345e-05,1.4474062e-07,-3.9799474e-05,-3.636298e-06,8.410442e-05,4.4757653e-05
2018-12-01,1.1129403e-05,-3.9014245e-05,3.618523e-06,-2.9506155e-05,-5.309179e-06,4.835093e-05,3.3986373e-05
2019-01-01,9.011703e-06,-3.6887257e-05,3.7308564e-06,-4.2622152e-05,-5.0738454e-06,5.636166e-05,4.25821e-05
2019-02-01,9.327567e-06,-3.4597237e-05,2.2206295e-06,-3.5910052e-05,-3.7709106e-06,6.748599e-05,3.3826753e-05
2019-03-01,7.4817362e-06,-4.6580317e-05,-6.6162465e-07,-2.8072682e-05,-2.902285e-06,6.718987e-05,4.5049786e-05
2019-04-01,4.944959e-06,-4.885059e-05,3.5505946e-07,-1.6869388e-05,-6.208982e-06,9.28538e-05,3.5277753e-05
2019-05-01,4.7968933e-06,-4.312556e-05,4.1428575e-07,2.2801134e-05,-5.1528114e-06,0.00016441668,3.3767526e-05
2019-06-01,3.1978343e-06,-3.6857644e-05,-3.336594e-06,9.120538e-05,-5.004753e-06,0.00016013278,3.075695e-05
2019-07-01,5.714872e-06,-3.7469625e-05,-1.4512843e-06,8.8846275e-05,-4.3532855e-06,0.00016357767,1.7352482e-05
2019-08-01,3.642017e-06,-3.9996536e-05,-2.8376235e-10,8.8935114e-05,-4.2545726e-06,0.000177298,3.7439444e-05
2019-09-01,4.806767e-06,-5.790207e-05,3.5235716e-06,6.858164e-05,-7.2355397e-06,0.00016755558,3.9226048e-05
2019-10-01,6.6427237e-06,-4.358949e-05,8.584684e-07,1.2278921e-05,-3.0009905e-06,0.00013085616,4.3312535e-05
2019-11-01,7.767987e-06,-3.413332e-05,1.0262738e-06,-4.268138e-05,-6.2682084e-06,7.454357e-05,3.62056e-05
2019-12-01,9.169635e-06,-3.4162935e-05,6.215705e-07,-5.503955e-05,-3.2872413e-06,3.140842e-05,4.545449e-05
2020-01-01,9.844709e-06,-3.6184778e-05,3.4857876e-06,-6.3237785e-06,-4.295838e-06,2.7262973e-05,4.5726647e-05
2020-02-01,1.0229862e-05,-3.12407e-05,3.0298943e-06,-4.105812e-05,-4.6574096e-06,5.30681e-05,3.371622e-05
2020-03-01,7.1172108e-06,-2.3404049e-05,1.6307713e-06,-3.168873e-05,-4.0285922e-06,6.001654e-05,4.130134e-05
2020-04-01,-2.0006519e-06,-4.4320113e-05,-4.207468e-07,-2.0865198e-05,-6.1115497e-06,9.244784e-05,3.4274297e-05
2020-05-01,3.3050019e-06,-5.275414e-05,-3.1010823e-06,6.1596445e-05,-2.417244e-06,0.00015812789,2.2436794e-05
2020-06-01,1.332086e-06,-4.060223e-05,-3.1718264e-06,9.3328184e-05,-4.6731293e-06,0.00015812003,2.4637658e-05
2020-07-01,3.776615e-06,-2.9448565e-05,-5.2547875e-06,9.254216e-05,-3.446934e-06,0.00018028588,3.1075186e-05
2020-08-01,2.1181077e-06,-4.344763e-05,2.3853536e-06,8.3683684e-05,-3.0067604e-06,0.00015914973,3.234068e-05
2020-09-01,3.8001963e-06,-4.2991735e-05,2.3067514e-06,6.474054e-05,-8.0373065e-06,0.00015048776,4.178081e-05
2020-10-01,6.936425e-06,-3.822844e-05,2.2045679e-06,1.4686611e-05,-7.369188e-06,0.00012544508,3.972143e-05
2020-11-01,3.4307632e-06,-3.1735894e-05,2.015924e-06,-2.5825e-05,-6.944734e-06,7.604354e-05,3.2922337e-05
2020-12-01,8.453451e-06,-2.7011898e-05,4.24037e-06,-4.520046e-05,-4.162215e-06,5.372836e-05,3.2057713e-05
2021-01-01,9.818679e-06,-2.7103066e-05,2.221721e-06,-6.446558e-05,-4.260328e-06,4.6688565e-05,2.6136153e-05
2021-02-01,9.084048e-06,-3.9289313e-05,4.3996843e-06,-3.5028446e-05,-4.804824e-06,4.9315953e-05,4.2220272e-05
2021-03-01,7.787636e-06,-4.306619e-05,2.5328554e-06,-4.619486e-05,-4.251684e-06,7.1389484e-05,3.366397e-05
2021-04-01,3.820627e-06,-4.1268497e-05,3.0302908e-07,-2.2703913e-05,-3.6899073e-06,0.00011119791,3.1123007e-05
2021-05-01,2.4982874e-06,-5.073229e-05,-2.6614216e-06,5.905631e-05,-3.7676946e-06,0.00013228616,2.9671028e-05
2021-06-01,5.1429597e-06,-4.0966006e-05,1.1759475e-06,7.008443e-05,-3.2318421e-06,0.00016285549,2.9014183e-05
2021-07-01,3.6218407e-06,-5.8458885e-05,-6.066657e-06,9.1777685e-05,-4.338115e-06,0.00019057274,2.7639988e-05
2021-08-01,1.9451545e-06,-3.4440745e-05,2.4550754e-06,7.38786e-05,-5.997521e-06,0.00016432477,3.1926782e-05
2021-09-01,8.3062005e-06,-5.2037343e-05,4.702182e-06,7.6168915e-05,-8.503906e-06,0.00017126487,4.1451072e-05
2021-10-01,7.5802127e-06,-6.131963e-05,3.7687641e-06,1.8461407e-05,-2.9120638e-06,0.00011763674,4.0993007e-05
2021-11-01,9.9742465e-06,-3.221092e-05,-3.365276e-07,-5.1354567e-05,-2.0477892e-06,7.822589e-05,3.5038163e-05
2021-12-01,1.4433896e-05,-3.991159e-05,1.7982238e-06,-2.8183407e-05,-4.925816e-06,6.157999e-05,2.6326292e-05
2022-01-01,7.2779585e-06,-1.6283462e-05,4.7772483e-06,-4.2103355e-05,-4.3894397e-06,3.86932e-05,4.8016176e-05
2022-02-01,8.708055e-06,-1.98001e-05,3.9801453e-06,-2.8622933e-05,-2.2872773e-06,4.811777e-05,4.427292e-05
2022-03-01,3.2768148e-06,-3.5929712e-05,2.5344198e-06,-3.7758356e-05,-3.1937816e-06,6.97177e-05,4.4015032e-05
2022-04-01,4.2849206e-06,-4.798785e-05,7.057679e-07,-3.180353e-05,-4.952097e-06,0.00010865071,3.0393949e-05
2022-05-01,9.169125e-06,-4.5721572e-05,1.8701685e-06,5.506507e-05,-2.4513865e-06,0.00015535156,1.9367359e-05
2022-06-01,8.86435e-06,-5.2778283e-05,-3.576708e-06,8.241664e-05,-4.217516e-06,0.0001839535,3.6387853e-05
2022-07-01,4.433401e-06,-5.4638193e-05,-1.1541342e-06,9.324005e-05,-5.569462e-06,0.00019993464,3.5903337e-05
2022-08-01,4.9022856e-06,-5.098089e-05,9.636569e-07,6.879556e-05,-5.944574e-06,0.00017870982,2.5525369e-05
2022-09-01,3.6206693e-06,-5.4942968e-05,2.1593078e-06,5.7979967e-05,-6.2727922e-06,0.0001627365,3.8669754e-05
2022-10-01,7.481147e-06,-4.860521e-05,-7.008857e-07,2.3290355e-05,-4.2878455e-06,0.00012229524,4.6343826e-05
2022-11-01,2.9564108e-06,-3.3522774e-05,2.557863e-06,-2.0300242e-05,-6.3431216e-06,7.154635e-05,3.920897e-05
2022-12-01,9.794308e-06,-2.6489513e-05,2.5266054e-06,-5.030101e-05,-6.390008e-06,5.846448e-05,3.3324475e-05
