,w_cluster1,w_cluster2,w_cluster3,w_cluster4,w_cluster5,w_cluster6,w_cluster7,w_cluster8,w_cluster9
1965-01-01,0.012743224266108934,-0.03442640237985774,68.4011459350586,0.01883659136595486,-0.009350076929401995,0.021172356184410015,-4.175064340233803,9.57459807395935,-0.08415973247730568
1965-02-01,-0.028713919561017643,-0.07139411061368091,7.107442617416382,0.029525607020306075,0.02881550966803707,0.01518415978036659,-4.06721793115139,8.462165792783102,0.0014744592154373045
1965-03-01,0.001951357023302023,-0.06236898058906515,49.68418478965759,0.024469761620108173,0.032010215765504696,0.00044157809537390005,-3.7433460354804993,8.660739660263062,-0.05026456121712515
1965-04-01,0.03365496030220619,-0.146440844586555,47.53039479255676,0.024557406444558137,0.010667009445935932,-0.05436387398968573,-4.479043185710907,5.550731718540192,-0.013662378418527238
1965-05-01,0.021121295989601763,-0.13645066225782354,34.250444173812866,0.025992705855223775,-0.03575279252297842,-0.05681079366932745,-6.073465943336487,1.5748463571071625,-0.021214063649308192
1965-06-01,-0.00105794662466416,-0.14678349203251778,0.08924007415771484,0.028448068811524688,-0.1632726904171616,-0.05352270344029303,-4.345160722732544,-2.004159614443779,-0.0028065609911533253
1965-07-01,-0.032470802861181175,-0.12681223452091217,-8.142441511154175,0.019255732169388227,-0.11650923250326468,-0.07890026530493861,-6.27383217215538,-2.2488643725713096,0.014521080796440987
1965-08-01,-0.02413270278618886,-0.10077610136346615,-6.818652153015137,0.022790160887747362,-0.15284864982562277,-0.01792954523926196,-5.851484090089798,-1.721089705824852,0.022336730912123643
1965-09-01,-0.032948782029268625,-0.11646244278613557,16.169118881225586,0.024769977807141037,-0.11291880883387664,-0.006265295466975026,-5.920470505952835,-0.3637176317473253,-0.025230967631078748
1965-10-01,-0.022876312812933557,-0.09342673769656648,6.681936979293823,0.021358632328484558,-0.06790540334004075,-0.009995420341906341,-5.56236207485199,2.2042925159136457,0.00868755494792984
1965-11-01,-0.0009013235673204169,-0.10082543371839726,74.23738241195679,0.011502221903408603,-0.027480254422372844,-0.026428674995575264,-6.323986500501633,4.265550275643667,0.01732344573287115
1965-12-01,-0.0014347949071780786,-0.21819567426722103,61.577308177948,0.029235825666206347,-0.015026531112727833,-0.0277613435426484,-5.724653601646423,7.246063649654388,0.012627178930664716
1966-01-01,-0.0071391557307484066,-0.10622369640685143,39.129990339279175,0.03752268971406299,0.000630343096580968,-0.03624028485754262,-7.097272574901581,7.006983955701193,-0.046467270753155016
1966-02-01,-0.005129053928218522,-0.13070196864452768,4.55324649810791,0.015965921857910192,0.008673186817053539,-0.02646347710295864,-5.890621989965439,6.858607629934947,0.015659511650670064
1966-03-01,0.02497238191691312,-0.12606606680027982,46.132874488830566,0.024664292125393162,-0.008991410010563793,-0.04158720374107361,-4.129072651267052,6.059938172499339,-0.015714158597466065
1966-04-01,0.017352885455935153,-0.120933306344012,17.291566729545593,0.020118886537903505,-0.02299219703496392,-0.05625231434469638,-5.00817708671093,2.2391609847545624,0.017629223174020037
1966-05-01,-0.005686865595227981,-0.11400465477020183,16.211044788360596,0.021264625699828857,-0.07810026629647211,-0.008108239904369997,-6.981929391622543,-0.25530074102183187,-0.005488482954567426
1966-06-01,-0.024056506271545704,-0.10951983326293054,4.215872287750244,0.03140124445446104,-0.11346762749686169,-0.001471488858046739,-4.9823954701423645,-1.7634534587462745,-0.0033025387419413216
1966-07-01,-0.020217794234623443,-0.14069054989104576,-7.200288772583008,0.026028839831086375,-0.07831438708661206,-0.03777266520520915,-3.5213597118854523,-1.8370488037665686,0.014273768724644021
1966-08-01,-0.022040521139865155,-0.0783373145981038,-8.189630508422852,0.023786515908704387,-0.10584089071003358,0.006600965178855088,-4.905608296394348,-3.0560965339342756,0.02204909512441452
1966-09-01,-0.04039135976479604,-0.058401399787436144,0.8831143379211426,0.023076095678609052,-0.10459692175708599,0.01691742435745571,-3.8159873336553574,0.23412186031540236,-0.008239010859229793
1966-10-01,-0.017610247657224017,-0.04710926416706532,40.146684646606445,0.02573341962030466,-0.08546259643426582,0.03021085148920184,-4.429914429783821,2.471615622440974,0.008475027136402588
1966-11-01,-0.0019351632653416455,-0.07282382154718359,48.608505725860596,0.011678776542971033,0.006175962791069229,0.012219519475879877,-4.49606329202652,5.235759417215983,-0.013661276140849884
1966-12-01,0.012851316299471822,-0.07877330830756654,47.91550934314728,0.03253061712967406,0.008151443230349626,0.003944312667717105,-4.709865152835846,6.643376747767131,-0.028342006039129546
1967-01-01,0.01164390607834696,-0.05880214987283058,55.810195207595825,0.023190500281697557,0.006749530308949413,0.009038974328533464,-7.27597177028656,10.816020766894024,-0.016503730048872022
1967-02-01,0.014408821748061615,-0.03558883958674492,36.56909465789795,0.02628114114669587,0.016656601384504515,0.017602316954213642,-4.99652773141861,11.235865950584412,-0.03852417360838146
1967-03-01,0.019237828738922318,-0.09676447891174479,102.82481908798218,0.014902455497720688,0.03183310045235192,0.009620373906648678,-3.621130809187889,7.083886365095775,-0.021850669833078776
1967-04-01,0.002303707797627349,-0.16884439169092383,95.41715383529663,0.022736129773070487,0.0032605846593184258,-0.021861084615406784,-4.607719928026199,4.828313986460368,0.024879404841220542
1967-05-01,-0.007803189092791164,-0.1376956859801678,6.624537706375122,0.025460091855028552,-0.02152230173571786,-0.0066961574813594,-6.736578792333603,0.9290782734751701,-0.027235462138914084
1967-06-01,-0.011457368353759493,-0.13506022539544613,-0.008881092071533203,0.03123919097639674,-0.11239731267317017,-0.0054752660672301836,-7.03338235616684,-1.3021358599265418,-0.02257458559454304
1967-07-01,-0.02599293496329468,-0.09873834379175876,-8.002472668886185,0.01789002458183028,-0.10169872374676946,-0.009871434582316358,-4.749630764126778,-2.849505841732025,0.009101972443191973
1967-08-01,-0.036048590876422565,-0.12121899647915618,-5.40769100189209,0.020024612572767754,-0.08548542634764714,0.01537663983586042,-2.8591953217983246,-3.7153147161006927,0.01831132765502146
1967-09-01,-0.03444737383535692,-0.064373919938473,4.155313596129417,0.023289465700550904,-0.10110711428656506,0.01709130309198214,-3.110027126967907,-0.587264137963454,0.007076188284036232
1967-10-01,-0.015361373592819368,-0.04655374412206893,7.445865869522095,0.028842328478106492,-0.0876594223638079,0.02606114858518476,-4.530882835388184,4.629017412662506,-0.014765945913856977
1967-11-01,-0.008265762687563063,-0.0793660654032484,33.67612361907959,0.02120235573044784,-0.010884342603941461,0.018742071950565216,-5.867784470319748,6.116550664107005,0.01589122981037179
1967-12-01,-0.005851723123472054,-0.049982441866651496,58.87056589126587,0.02276736090509154,-0.00259187420023911,0.011653526250839883,-3.909006714820862,9.926646947860718,-0.034642977359360214
1968-01-01,0.011132711909346648,-0.03295338494663543,57.3103129863739,0.008283618907946691,0.01806339749426984,0.010040695095718232,-3.223172575235367,5.065946777661642,-0.07976480848985176
1968-02-01,0.024530606122908895,-0.01551766503364482,6.977248191833496,0.006372728820541781,0.0014940040436253617,0.032530660214631454,-3.403918817639351,5.924140413602194,-0.10632473516137633
1968-03-01,0.011979303993545213,-0.09246387697280722,34.23789143562317,0.022455001343711676,0.01833220777004512,0.007841042110078928,-4.441157728433609,3.207802027463913,0.005660581160081576
1968-04-01,0.006544675964575548,-0.08932932260188652,26.211082935333252,0.026315341455687723,0.005412657759082851,-0.011266139943314636,-6.474258750677109,5.65347820520401,-0.008744134708014254
1968-05-01,-0.010970907637497763,-0.09856673472739282,26.051142811775208,0.02402083331839644,-0.06815572616769307,0.004260094188477682,-4.864390566945076,1.124841719865799,-0.018788763156084166
1968-06-01,-0.024313969420386362,-0.07256618998152145,1.007357332855463,0.03147999883341275,-0.10755070999487122,0.014189078432062399,-5.206453800201416,-0.8507937813798587,-0.026332548730177423
1968-07-01,-0.02393341180379991,-0.1096626862566522,-9.697531908750534,0.023991386104616333,-0.10366315272317003,0.010303850083247476,-3.7072084844112396,-3.0423658589522047,0.00820196782277055
1968-08-01,-0.02961986261856306,-0.10421939511248407,4.485145211219788,0.019434911178813564,-0.11443086524507892,-0.0021923432612548704,-5.035878345370293,-0.30235319087902707,0.012250108108536838
1968-09-01,-0.009173670965995822,-0.04479701214648308,5.024480819702148,0.0204348672020564,-0.10577509207512015,0.018804894112374473,-3.5159405320882797,0.6237408767143886,-0.01734799437531053
1968-10-01,-0.024132318534217514,-0.08394978940486908,7.687684893608093,0.020102075495415456,-0.0948412872072476,0.023951157117667408,-5.055045336484909,2.210610608259837,-0.01728333890029829
1968-11-01,0.002497845895953112,-0.09119503517100153,29.290878772735596,0.028625129313348867,-0.006219260255569842,-0.005542700907782369,-5.3481947630643845,7.6462313532829285,-0.05122035843868778
1968-12-01,0.019196596752096725,-0.11789840745164994,68.55825781822205,0.016009010937359694,-0.01725168175884147,-0.015315629298920217,-6.257192045450211,12.379390001296997,-0.04058085790235703
1969-01-01,0.0077622627979470095,-0.13123770502019436,76.70950889587402,0.009910823784018164,0.03168304909521074,-0.0391819522432659,-5.6168049573898315,10.193298260370891,-0.0006993159281778826
1969-02-01,-0.004540847523229106,-0.20425167489559093,54.02148365974426,0.02007388858218416,0.019138904093806423,-0.04657946365035099,-4.2438894510269165,7.639531294504802,0.014988710618998907
1969-03-01,-0.013179634534916678,-0.10209555163028393,12.006616592407227,0.032580481245845776,0.02401774721359139,-0.046286526257577155,-4.822989925742149,5.445216596126556,-0.01412284471196671
1969-04-01,0.01225585314946679,-0.20009824570189133,21.33646458387375,0.025824615530830496,0.018646456857225786,-0.06336639756741731,-7.662209868431091,2.423255393902461,0.025682881066243942
1969-05-01,0.0057530644760056815,-0.15591118246951002,-2.823352813720703,0.027461052476930963,-0.03998084132795903,-0.0636043853085974,-5.208532139658928,-0.7067374885082245,-0.012606444883428209
1969-06-01,-0.001094752346276195,-0.13323229678133702,27.727818489074707,0.026684551895093576,-0.0886795069299527,-0.03230717559547528,-6.751993298530579,-0.8852640787760417,-0.01348065442010148
1969-07-01,-0.013803766056947359,-0.13124736699652165,-7.585042715072632,0.03039341741543022,-0.11294219476073535,0.00126746847577717,-4.835645854473114,-3.0587635934352875,0.012607132531192205
1969-08-01,-0.02779936795676505,-0.08434325932188237,-5.5123090744018555,0.026370514613046923,-0.1530294654084675,0.009354711712702461,-4.363672807812691,-2.2973569730917616,0.027975327756306897
1969-09-01,-0.029172166087827484,-0.06299606980161464,-3.4701287746429443,0.022645641734702984,-0.10919123888015747,0.02064402336659639,-4.891911521553993,-0.3608346606294314,0.021039194440188473
1969-10-01,-0.02149121210604281,-0.08227458184069776,41.34572446346283,0.028467801459830445,-0.050994014339660526,0.023797745613948162,-5.825771763920784,0.6710106506943703,-0.02845448429045612
1969-11-01,-0.0022596594962206755,-0.07849076485380213,23.34299087524414,0.02134213384857281,-0.032236402048103845,0.02261493112082067,-5.350947007536888,5.100069940090179,-0.05421097045891905
1969-12-01,0.01535661538111997,-0.11497867551255735,16.870158910751343,0.02949918023973918,-0.01290381065945127,0.007259585368244545,-4.535816237330437,7.518418629964193,-0.02611699986131224
1970-01-01,0.031295393990886794,-0.02210061363083251,46.079280972480774,0.010406459420383407,0.017006724461245893,0.032846193922602615,-5.491083860397339,9.639602899551392,-0.0783181813073485
1970-02-01,0.020010264629459047,-0.02310477950154467,16.059714555740356,0.015249025481150038,0.011411191089384591,0.0189997881407971,-3.385581076145172,5.473526318868002,-0.0630708487883006
1970-03-01,0.009015012350115743,-0.09720099574707924,14.59578275680542,0.0386853240055146,0.02002028414784972,-0.014991781309894895,-5.424852669239044,7.639663914839427,-0.05074552171034356
1970-04-01,0.017346351218598708,-0.1244158741641552,47.48034477233887,0.03969912825942897,0.005421573782701101,-0.04518370629976625,-9.715548157691956,8.41853419939677,0.018345944787541483
1970-05-01,0.009630604268953699,-0.13087783405121337,9.512436389923096,0.026497969792472376,-0.04077603790297437,-0.0006982226572606875,-7.021799683570862,0.7856490711371105,-0.018097883830331778
1970-06-01,-0.0028025700834456023,-0.0957634299993515,6.005293130874634,0.030949171766531555,-0.12734193188041004,0.004292180680710337,-6.0777585953474045,-1.7567568769057593,-0.009290276299396607
1970-07-01,-0.030641913596358334,-0.05963726880702567,-6.254011392593384,0.02336168407107429,-0.13555169327935176,0.029018209518297863,-3.2515011727809906,-2.271536737680435,0.030467296912245555
1970-08-01,-0.01690841989813151,-0.05948340639154962,-4.332035779953003,0.027890137577657223,-0.09898596735142949,0.031672068264173424,-4.270817339420319,-3.307799994945526,0.024154613891693013
1970-09-01,-0.014564954395685998,-0.03762688249983686,17.662853002548218,0.02702901930474549,-0.09553025462734165,0.021538283351970756,-5.822982266545296,0.8402880281209946,0.0020422015900481236
1970-10-01,-0.0026212699086099237,-0.03044784782414741,5.583178997039795,0.020576395402602157,-0.0597414630117701,0.020720931984808136,-5.213002860546112,3.0594609677791595,0.028207655740927345
1970-11-01,-0.005291114476594058,-0.06135760786685538,69.16987299919128,0.007368027895903417,-0.00284700689197921,0.02550582927854165,-6.671375036239624,7.298341393470764,0.030596424149323818
1970-12-01,-0.027534811777043176,-0.08675708891229428,116.77008867263794,0.02869249341620816,0.010443587245336219,0.008470345409991949,-3.947211429476738,8.787326018015545,-0.014790500935218106
1971-01-01,0.021256967545389298,-0.03248813185603061,60.29503345489502,0.014631032253608858,0.009695494047074175,0.02980816299500673,-6.70558363199234,10.046963890393576,-0.059953663651257344
1971-02-01,0.024982655772587636,-0.035709594475462084,34.62335765361786,0.030321667386259108,0.03083618218774226,0.010584338122735853,-6.008850038051605,10.12875537077586,-0.11296510084034646
1971-03-01,0.025051185157853408,-0.10338714148135895,59.15812849998474,0.02015436423285831,0.01615510363854579,0.001360533667890274,-7.3869869112968445,10.838525493939718,-0.018249555452637477
1971-04-01,0.012145703332824307,-0.14883443079096206,14.032679796218872,0.027100924442676335,0.01872428623375608,-0.012823694750018743,-5.677631124854088,5.733323593934378,0.0171815108967154
1971-05-01,0.006004940666310438,-0.11601040654994073,12.643125653266907,0.03369893382886331,-0.03799699914099565,-0.007956176186385363,-9.405887126922607,2.6834738751252494,-0.011217673245358141
1971-06-01,-0.0008376388504475981,-0.09061008533264729,0.43656229972839355,0.026644652427958073,-0.12303952183296431,0.0027208738838848862,-7.294069230556488,-1.4831934124231339,0.00843430792734231
1971-07-01,-0.011742991310628979,-0.10616167428645683,-9.084457159042358,0.028269185865525723,-0.12943611216189255,-0.0022843857194580464,-5.525997653603554,-3.752655287583669,-0.001297422767655082
1971-08-01,-0.024906743864913088,-0.04854173736369356,-0.9436309337615967,0.02568346588946075,-0.1329372178262739,0.016632925126823073,-6.138565391302109,-3.2638269166151685,0.027847432926909565
1971-09-01,-0.026416033506393433,-0.038040342166068705,33.92156362533569,0.02308581560421333,-0.12573017113244356,0.007754320218025343,-7.354995608329773,1.7443768680095673,0.01056053777773903
1971-10-01,-0.01812959741149749,-0.055161455368742035,45.805299282073975,0.027047915772782816,-0.08707298938907794,0.018677709867124973,-8.030375093221664,1.1715620756149292,-0.012434095348397347
1971-11-01,-0.025415658898703702,-0.07835821585452303,24.592363834381104,0.023349539021686686,-0.009305663267845538,0.01591148502800776,-5.602938681840897,5.58884342511495,-0.018439380681678042
1971-12-01,-0.010433589219004958,-0.09369070225573602,111.80213689804077,0.018572480762846393,0.021049893224862084,0.006075696209850519,-4.966727644205093,7.197837034861247,-0.021260031435179384
1972-01-01,-0.018876841229914162,-0.09413925098611954,118.00732612609863,0.016053217603898735,0.006258559983168075,0.009894900570583086,-5.681245774030685,12.138978640238445,-0.017281446912109037
1972-02-01,0.012116335084909327,-0.084137092245386,41.135334968566895,0.015118151481042235,0.04137768896658029,0.011263895354679098,-6.268854439258575,8.425410588582357,-0.03982413407057932
1972-03-01,0.033568408522572556,-0.03586535124068565,32.88455605506897,0.012611909166460844,0.027070831118234946,0.017485065061760986,-5.613752827048302,6.188850601514181,-0.07459988741025533
1972-04-01,0.02000884590422168,-0.14961767703928847,56.90223574638367,0.01451931860324719,0.006984903324228613,-0.07008481284846431,-4.454141855239868,5.248090624809265,0.005233651409818701
1972-05-01,-0.002076915120119815,-0.16291062248514054,-3.4116804599761963,0.023922042438773803,-0.07617818886664376,-0.03317892632406691,-6.866703927516937,-2.3582778871059418,0.001349680489311888
1972-06-01,-0.007584639434162137,-0.1031270924400776,-2.887660264968872,0.021374109368637314,-0.08985855018914635,-0.042724330788073334,-5.233409628272057,-1.5904375662406287,0.008843411142899566
1972-07-01,-0.02027109030868624,-0.16631382576962736,-6.345176696777344,0.01770105856142456,-0.10982438254712232,-0.09554385005132013,-2.9535382986068726,-3.4917006889979048,0.015822271114751086
1972-08-01,-0.011031751413471425,-0.1021992177405256,-6.8537890911102295,0.014859924290543624,-0.12230057992152313,-0.08675256501073424,-4.832636192440987,-3.5172884662946067,0.019971457348294454
1972-09-01,-0.028933717224460382,-0.12128826310025885,7.520860433578491,0.018812867765911193,-0.10943835351004529,-0.03827436057769734,-5.720073729753494,0.5411670232812564,-0.020696049275463577
1972-10-01,-0.018653727520804304,-0.1435716894078762,16.470329463481903,0.01825918460251402,-0.0370326604860932,-0.0681947463232538,-4.715645685791969,1.6170129179954529,-0.034957029537795344
1972-11-01,-0.032766515363033835,-0.17254905814820148,20.462149381637573,0.03411620118313556,-0.024634185455628295,-0.04375430876794069,-6.176972016692162,8.25364241997401,-0.007041116334395866
1972-12-01,0.02130220898173072,-0.1265685371261962,91.69831871986389,0.02470576244560506,-0.010799066816915327,-0.047277521504008255,-4.985667392611504,7.830106715361278,-0.039943891947400084
1973-01-01,0.014201652460529672,-0.07807751919360871,40.55013060569763,0.01997867877186417,0.02830335175368323,-0.08376089127167412,-5.732785910367966,7.32786109050115,-0.024561583995819092
1973-02-01,0.014031882938388345,-0.05063946021998183,26.69556736946106,0.020548737467192917,0.020560675036551346,-0.055051102586414505,-3.4558359533548355,4.6114325523376465,-0.002591374126097111
1973-03-01,0.0017369993135228857,-0.07857960113819609,18.959897756576538,0.03906824699730325,0.040199001556012165,-0.09526911960995717,-4.974368587136269,7.216577728589376,-0.0026453233783273666
1973-04-01,0.020713650888496346,-0.07884463572755773,24.342530965805054,0.03699677453624259,-0.0022885935214250835,-0.03264838100775429,-7.876983284950256,5.540129542350769,-0.009972368660446715
1973-05-01,0.011420186602517025,-0.11971731610754703,9.577596187591553,0.026058470629316443,-0.06930151982093924,-0.027819266137869465,-8.63596424460411,2.0313486456871033,0.019636910970080388
1973-06-01,0.010558237302136588,-0.05155254868750877,12.915623188018799,0.030111015620205902,-0.12346447181345811,0.007146731545419797,-8.094435185194016,0.7479529827833176,-0.0025823581581042236
1973-07-01,-0.01832285661484812,-0.04008865340593014,-7.027977705001831,0.027942361323524723,-0.1323236235931738,0.018682730910570728,-5.086483433842659,-2.5788726905981703,0.029461820648141103
1973-08-01,-0.033614337704815235,-0.01577190717959658,-4.9585044384002686,0.02703883035255851,-0.08393204145467104,0.03198420223982438,-3.9436299353837967,-1.6867933173974357,0.02157645784828761
1973-09-01,-0.022180372575571487,-0.02158838225171921,3.5382986068725586,0.02683026032696525,-0.09146331628756736,0.01797812464444534,-8.56541097164154,1.5900260458389919,0.012976700465564858
1973-10-01,-0.011221598630276072,-0.01294233816418242,17.397838830947876,0.024871936188541728,-0.06401387057197627,0.023432303543971935,-6.365106999874115,3.601072231928508,0.0029385928702476906
1973-11-01,-0.014923148221902915,-0.06354451972119352,98.40598702430725,0.011924734647325476,-0.014815109768020572,0.0108406496355715,-5.078329145908356,9.19930140177409,-0.007056546946094461
1973-12-01,0.007260401596451973,-0.01591936031237562,40.2914434671402,0.027205471431823086,0.005718920060169341,0.021995909350073856,-6.700769066810608,11.0944668451945,-0.04207374247377866
1974-01-01,0.01626801383974669,-0.009473852139521153,75.2095103263855,0.006069256689587086,-0.001069149714825091,0.011559898924568426,-4.352353885769844,8.181755244731903,-0.07054127038341679
1974-02-01,0.013235888046609773,-0.06223356232364127,33.3597868680954,0.027150651373022753,0.03107048070697642,0.01586684390254643,-4.805906489491463,8.319654564062755,-0.03805683083730201
1974-03-01,0.022609962046250598,-0.05841022159190888,79.89438772201538,0.01273861535148119,0.027454686142615415,-0.004557125756274099,-3.951912745833397,9.006018439928692,-0.04305530798761812
1974-04-01,0.005262784034638972,-0.09630794854874307,39.63860273361206,0.02756413313553488,0.008196800029767092,-0.005565855965909103,-5.321238189935684,6.757243474324545,0.009472228663220797
1974-05-01,-0.011474257856086419,-0.10085025049270469,18.661385774612427,0.027328585911032967,-0.0419227128375822,-0.0027252741805885152,-6.462965905666351,1.3170812278985977,0.010141279318765418
1974-06-01,-0.0043040688533882996,-0.08508451282978058,-4.615604877471924,0.029206268569762762,-0.14656923377691808,0.0014227479898735235,-5.258501693606377,-3.2139281431833906,0.003447455724012362
1974-07-01,-0.005489025856010043,-0.07594652632449536,-5.100381374359131,0.027585305648741964,-0.12495251956270702,0.01291209011865051,-5.50236776471138,-3.3124568561712904,0.01833384780034627
1974-08-01,-0.03922904704834198,-0.05677468836941618,-7.652240991592407,0.025042994014865205,-0.12687689332819696,0.018701154495710914,-4.480568319559097,-2.6804834604263306,-0.014896476513718906
1974-09-01,-0.02290024650055212,-0.04692255578776624,-0.5628824699670076,0.02654625116277942,-0.10596406993581287,0.025152860857222393,-6.167928874492645,-1.865094155073166,-0.001531171657093992
1974-10-01,-0.023822924708361393,-0.04791958614232693,7.852828502655029,0.02838336668318982,-0.07431776221118756,0.02382317153008088,-4.709926247596741,1.7967393000920615,-0.008154330035186794
1974-11-01,-0.018463328063904823,-0.04840901795219868,10.86619421839714,0.025709932200985847,-0.017070358813698613,0.024728445417207222,-5.470509454607964,6.66095515092214,0.017465284885200737
1974-12-01,-0.013031788378745527,-0.05344843610804132,22.950682044029236,0.0421441213743721,-0.016557088872390005,0.010560079497973556,-3.8380417972803116,10.138760010401409,-0.05525821590260284
1975-01-01,-0.014201323485483865,-0.0641262911735697,63.947027921676636,0.03289023159648017,-0.0005189050075862168,0.0064909486505000495,-4.865829274058342,14.161019523938497,-0.05287938330271473
1975-02-01,-0.00823313513627419,-0.06840223486119129,32.0722222328186,0.020906150260631987,0.03069376489564554,-0.00014044182456058005,-4.219106584787369,8.810209234555563,-0.022251495759781092
1975-03-01,0.02546669863216527,-0.07085924611446706,61.521291732788086,0.028522574952502048,0.04003536400955115,-0.03224823421434216,-7.925267517566681,9.756619731585186,-0.006429664790630341
1975-04-01,0.021153988424115457,-0.1398684655098205,72.29989767074585,0.034597321085149436,0.022937111389725953,-0.04520959099349769,-6.0979582369327545,8.330562214056652,0.0005452891680960581
1975-05-01,0.013419013092672075,-0.08040710966637794,7.96855092048645,0.03143373220194158,-0.06184580721961918,-0.003865784762994103,-7.600964605808258,1.8804355214039485,-0.014500290614693132
1975-06-01,-0.0009668408893048763,-0.0630932206169088,6.607502698898315,0.03008721530330267,-0.12571935111017368,0.009552161411746689,-6.520581245422363,-0.46897114564975106,0.00013294320773613984
1975-07-01,-0.012680211990185968,-0.04023523565302504,-4.101580381393433,0.028779478944677247,-0.12496262788772582,0.012388204973514963,-6.147925555706024,-3.2233918706576032,0.018219190509351967
1975-08-01,-0.018869267477022184,-0.04021232115461471,-3.603994846343994,0.02634090994545024,-0.1341820319197071,0.018816443119683994,-4.303954914212227,-1.077456772327423,0.025172421887312852
1975-09-01,-0.025734415447170086,-0.0006418402722858369,0.11692643165588379,0.029618668256046105,-0.11433828900109476,0.034460783328699035,-5.233391374349594,-0.5705582598845165,-0.0028493147573038324
1975-10-01,-0.03278456576220639,-0.05617203547599468,39.64212238788605,0.02936437900225036,-0.05890862154426859,0.021647994770951896,-6.1941515654325485,2.9884139696757,0.019774648475728622
1975-11-01,-0.0044052209053839836,-0.0444985569474545,50.5707323551178,0.02465804623399707,-0.030025119768149814,0.02596403026710386,-5.972466245293617,8.601437012354534,-0.004315028630503237
1975-12-01,0.010768305901047234,-0.0209263783503086,23.258355259895325,0.027615522711182672,0.0144935129627363,0.012761529778008877,-5.69554790854454,5.794759591420492,-0.0672356570011949
1976-01-01,-0.008946282697932705,-0.047327815852266676,20.590907335281372,0.020540424910702296,0.012723913888877897,0.0033272660094434805,-5.892965942621231,9.38530166943868,-0.09024381025196755
1976-02-01,0.005382587286559018,-0.06393701075873477,81.92570209503174,0.0174908920546337,0.03817369188390561,0.009372781395264295,-4.054035991430283,7.08886335293452,-0.0333208539714552
1976-03-01,0.006907349256994008,-0.11242687543655965,86.48333549499512,0.028874651401591817,0.03225974627395174,-0.02020498869292762,-4.148291796445847,9.005850553512573,0.0069470476512223074
1976-04-01,-0.002615802458949856,-0.18835632090872909,30.194979906082153,0.030175187430686232,0.003058039027252304,-0.032047199328308525,-5.325420945882797,1.859648774067561,0.024042115227816855
1976-05-01,0.0008470121562689335,-0.1187036249865877,1.2058496475219727,0.026717247347608747,-0.04809030067564836,-0.02859957070778246,-7.057872414588928,0.003129758988507092,0.009798752909449681
1976-06-01,-0.003848662534793774,-0.08046187143376533,8.458954095840454,0.02667295123390157,-0.14527597978933532,-0.04060746211072673,-8.824938535690308,-2.0997169117132826,0.001580381370468499
1976-07-01,-0.012617053503131534,-0.13145058554537753,-3.649723529815674,0.02652817345458827,-0.12419961059271399,-0.044684308054654495,-3.780589997768402,-3.6223913232485456,0.026034910793173802
1976-08-01,-0.02116971043544216,-0.09643756487268083,-5.334973335266113,0.026573202566062805,-0.12650285194169228,0.0023906627361809474,-4.806136339902878,-1.134713739156723,0.02269015124399368
1976-09-01,-0.04084859746736247,-0.11597271770872969,-5.2092790603637695,0.0209118273082397,-0.11631502811588458,2.7377239387968313e-05,-2.922624722123146,-0.7888032744328182,0.009735846534779628
1976-10-01,-0.0042875798848959115,-0.08919151063929213,-0.5352675914764404,0.02932664167752369,-0.09750573715167259,0.016862716039885647,-4.467969387769699,2.4136359492937727,-0.0002960421899269807
1976-11-01,-0.020547512710302862,-0.1084923823463156,5.972975492477417,0.03173983783173047,-0.06505928711215062,0.026712913228117904,-6.579209119081497,4.3809667229652405,-0.014762709248964102
1976-12-01,0.0009033522874742121,-0.05968660116195679,29.352355003356934,0.03416118942361942,-0.009485686531485016,-0.00019265925916640657,-5.288462340831757,6.077996889750163,-0.037715377362623606
1977-01-01,0.026276667921484767,-0.007429695192803728,9.421950578689575,0.02952176916727917,0.002442601956983111,0.022168768336996436,-6.291668862104416,8.222152789433798,-0.12281483983340329
1977-02-01,0.026420614571421298,-0.03844410815137498,13.393828272819519,0.034345988613024035,0.005047626570979161,0.013633297310899134,-3.843843564391136,6.271248062451681,-0.08041311106453203
1977-03-01,0.002738108558879866,-0.0883814423008168,58.77872109413147,0.04113539584356247,0.04393121978240226,-0.0380321446320285,-4.394505172967911,9.2364102602005,-0.005439616586655787
1977-04-01,0.012399613453479081,-0.09424190254921609,2.864384464919567,0.03125254239002578,-0.0012165950194223602,-0.015035897250408712,-3.7763185799121857,0.6556867311398189,0.0164020398299988
1977-05-01,0.0009809845368136893,-0.11565004415968631,25.566166639328003,0.03165088245551363,-0.05399929498558614,-0.001737389551556629,-4.574805870652199,3.1651370227336884,0.005856347078942273
1977-06-01,0.004128990128576931,-0.053132559232255246,-5.429419502615929,0.029171077306750868,-0.10442776021672719,0.003629648936507495,-4.71881628036499,-2.2593125700950623,0.005034327009463147
1977-07-01,-0.013445818575320545,-0.08114867229410944,-5.905485153198242,0.02666807686575025,-0.07015531187626853,0.020302414246227432,-4.133348166942596,-2.7005719641844435,0.019953999515265636
1977-08-01,-0.032659859715641795,-0.06868190112266136,-3.2264500856399536,0.024991205779554177,-0.06913114617119974,0.02454333898165952,-3.15239354968071,-1.8026816348234813,0.0032645583229318057
1977-09-01,-0.029059749591600646,-0.07696033633769828,36.7490291595459,0.016848053850179956,-0.08107840236443192,0.016411333142415337,-4.00022529065609,1.1856912324825923,0.005548814158529452
1977-10-01,-0.026772907280552014,-0.06294576649336105,19.297972321510315,0.02519410545770213,-0.05878126665727416,0.034057117350723434,-3.245513141155243,1.504079873363177,0.01674063809930462
1977-11-01,-0.010152798067856503,-0.09838484544703302,56.58041834831238,0.024316492054959855,-0.04046210991357689,0.024547660318405735,-6.562966853380203,10.097361604372662,-0.05326430275015635
1977-12-01,0.012093479582271376,-0.06650666448664158,76.22511386871338,0.013044361768813014,0.007725144222156325,-0.01028628776902738,-6.748566031455994,14.394845565160116,-0.017169028622646854
1978-01-01,0.011569184700509052,-0.02752240707582616,29.05445694923401,0.014624515340643393,0.0265559765385158,0.011506570584100227,-4.614699259400368,8.35729738076528,-0.05848761903096552
1978-02-01,0.009252039806826132,-0.01760446565582397,21.76799774169922,0.022008680745208866,0.0002313712603106761,0.015466529066148012,-5.071595311164856,8.139560123284658,-0.052142679078938214
1978-03-01,0.014007751914587889,-0.06625629327398666,25.334274768829346,0.024155310938040988,0.017248864160544837,-0.011054476844551771,-5.108139291405678,5.579020579655966,-0.006768866505933135
1978-04-01,0.015870019650230043,-0.13141670918211024,45.32029926776886,0.030646150221498754,-0.0032814483700403523,-0.024020558466082035,-4.972930997610092,6.942828993002574,-0.0020398466516133042
1978-05-01,-0.0037296640953713364,-0.07326758288322612,13.41484785079956,0.030477858222217012,-0.05174518298746934,0.0064364968515608625,-6.752357631921768,3.7847111622492475,-0.007573122235193645
1978-06-01,-0.012135352138299626,-0.043431522839881005,11.355745792388916,0.025997093791584318,-0.11670659504719634,0.02109190611087758,-4.411046206951141,-0.3788003077109655,0.024766487720077987
1978-07-01,-0.02181369720118029,-0.03298446536064148,-3.5939693450927734,0.02685102413026549,-0.13018453966325788,0.021846889234755352,-4.040057584643364,-2.6701567073663077,0.025202742178146154
1978-08-01,-0.033193598729330344,-0.05468702379693376,-2.9677510261535645,0.020050542536292147,-0.09050424308029573,0.025445934708999553,-3.9280999451875687,-2.1332601706186933,0.023477353563863938
1978-09-01,-0.031184472820975567,-0.055637626730381175,14.492154121398926,0.025465681800524966,-0.0753895393503246,0.016583249620769337,-3.9358265697956085,-0.34732163573304814,0.01836105262579983
1978-10-01,-0.028184555809606205,-0.040944947048704675,8.02828073501587,0.023654467767948727,-0.04799041841457139,0.035454616274522704,-2.870039641857147,0.8844794084628423,0.004679821623004463
1978-11-01,-0.024208347020032522,-0.07818380885935845,35.555481910705566,0.02863222210527324,0.0015299654315545487,0.013988243780382303,-4.699068143963814,4.81800933678945,-0.0383219617890985
1978-12-01,-0.011296821693023602,-0.11140176273406821,76.83303952217102,0.024871160309734963,-0.0011505010892261763,0.0008325060100659081,-6.17816261947155,9.082776308059692,0.009685742656049663
1979-01-01,-0.0071566906868369435,-0.0721517950296402,56.37927055358887,0.020292908516075972,0.042382096732730294,-0.01953125566892002,-3.4429416060447693,10.671068231264751,-0.01814407232689531
1979-02-01,-0.006383527851813323,-0.16454741992848987,45.91660797595978,0.026038528600935456,0.02453924059423048,-0.024430536381576374,-4.516217857599258,8.704890807469686,-0.002535759815818643
1979-03-01,0.018278344687387035,-0.1252201167826957,36.894890666007996,0.030988122490670185,0.030225949056112943,-0.036167248111704124,-4.6295322477817535,5.427314341068268,-0.03436816575592511
1979-04-01,0.009005818958882686,-0.13888819103545333,-1.249176263809204,0.023904839939297106,-0.015287981160096267,-0.03596769078918126,-5.9728920459747314,5.215692023436229,0.015683816618298832
1979-05-01,0.014741911546333687,-0.13674949394895677,14.950042963027954,0.030757665044540985,-0.05897930753764821,-0.028687956459496334,-7.296682149171829,0.45275377730528515,-0.005732121405332056
1979-06-01,-0.0049559822814031085,-0.11618887965983533,0.9530127048492432,0.02653867796921044,-0.09059805367419968,0.012184786407843881,-5.500667169690132,-0.3090405215819677,0.026217546977408947
1979-07-01,-0.023569675956989503,-0.1198213943775664,-6.614178419113159,0.02662893116688557,-0.11603950119730251,0.01704851496944447,-3.675553947687149,-2.9521025717258453,0.00841103443135954
1979-08-01,-0.03274416199305675,-0.10265282335433555,-4.398393630981445,0.02324111196848986,-0.12602551437135953,0.017051087773364525,-3.638308122754097,-1.2988148878018062,0.003848047544286676
1979-09-01,-0.04553038600858275,-0.09217788564397934,-0.8096456527709961,0.027511688954324175,-0.09545787279285602,0.03251174545806387,-5.2804164588451385,-1.699702690045039,0.01739915843083434
1979-10-01,-0.019124245687902393,-0.1158590408715796,14.85489010810852,0.0240983119864258,-0.047367355271951475,0.014154371684012207,-4.249571263790131,2.0719411472479505,-0.0050227208802961325
1979-11-01,-0.008248482420519516,-0.1282080373865493,23.278480768203735,0.01910685983707579,-0.014280640422853071,0.02677801105639209,-3.093416802585125,6.434152523676555,0.015700820272099483
1979-12-01,0.020458239905692482,-0.07735601765044192,16.29129648208618,0.017129702547149694,-0.010847692975579802,0.013284492103949838,-4.890087246894836,5.604205032189688,-0.03211858541998145
1980-01-01,0.02137577630110554,-0.05647997034991042,113.28673362731934,0.006160081411115558,-0.002441792783619308,0.01587594029210184,-2.8842566534876823,9.250805775324505,-0.07188832514906583
1980-02-01,0.03054954007372156,-0.05546429372848349,39.16193246841431,0.01127016730606556,0.00925667014028599,0.022581859046350357,-4.941217973828316,7.568796972433726,-0.062345912399357314
1980-03-01,-0.024972777891825965,-0.16566305718523391,56.196677684783936,0.03887123475186259,0.03125215255057633,-0.03265760251847299,-4.249566420912743,8.502661188443502,-0.0022802422180363577
1980-04-01,0.005882077726659242,-0.14827682616862845,12.046313285827637,0.024443483918154842,-0.017027523535401073,-0.0184436542812087,-4.420055076479912,5.165999631086986,0.025366045126359756
1980-05-01,5.037608471783725e-05,-0.1527025344523978,33.0125093460083,0.0347591239771397,-0.07839054425260913,-0.014080862798120666,-5.366785079240799,1.4561228454113007,0.010135686918072505
1980-06-01,-0.004894997260266251,-0.1512686939949685,22.068095207214355,0.02988320942834127,-0.11979571696537643,0.007383111945312957,-4.136654734611511,0.9024325137337049,0.019368223131519476
1980-07-01,-0.02663232796415166,-0.135249692074796,-3.6294758319854736,0.02609498919450122,-0.11364945502423528,0.01533959344353365,-2.601500041782856,-2.0465917885303497,0.022800547415263033
1980-08-01,-0.027865612996624902,-0.10740294101390434,-4.08397912979126,0.025504266695796158,-0.08672485823061929,0.01710292427679119,-4.24729697406292,-0.7459577793876331,0.023481673369668936
1980-09-01,-0.04346230933507839,-0.0754054715024664,9.851068258285522,0.023528020962965576,-0.08326142803946537,0.017799630573869726,-3.857613354921341,0.14884568129976591,0.009617726765062711
1980-10-01,-0.050206955235738024,-0.10603024287426725,13.082581758499146,0.02963524378782554,-0.048116210903694376,0.02725198783952257,-4.587403312325478,3.5691581666469574,0.0047491349866741325
1980-11-01,-0.03892715720759405,-0.10180951274455863,21.163636445999146,0.033230613247096114,-0.01021305919249556,0.03053869242253511,-4.330648854374886,4.660435517628988,-0.04182940425529872
1980-12-01,0.03685382539992566,-0.059800313666779945,39.23465013504028,0.018009587472452106,0.00963145519481666,0.0235425077540719,-5.107574909925461,5.212521056334178,-0.09817974004026962
1981-01-01,0.030721234274910882,-0.010738984503327532,20.411743223667145,0.0228881268098736,0.016032241340448606,0.029321854691142624,-3.412095829844475,3.4145042300224304,-0.09721625749378988
1981-02-01,0.01965971220727567,-0.04897552364050074,35.11919379234314,0.01501179230734438,0.01889813218766184,0.004523964345698124,-5.674427002668381,7.993712027867636,-0.04186011238457406
1981-03-01,0.018971473616840956,-0.08390712294172734,29.977476596832275,0.03459400115467662,0.023147554150713023,0.004296026233097782,-3.5487305372953415,4.942531883716583,-0.0217324046239461
1981-04-01,0.0060635169486065845,-0.14978360305441188,22.27259874343872,0.03383235550291247,-0.012208332321537074,-0.01700292847564687,-5.097762495279312,3.4607701003551483,-0.0021081428962109023
1981-05-01,0.012432460972739683,-0.10600342871026791,14.839416742324829,0.032241598254056286,-0.06528866491210994,-0.009830547901599304,-5.501574277877808,0.6749341264367104,-0.016554832866747086
1981-06-01,-0.0059508251642337775,-0.09596310555934906,2.8950631618499756,0.031435044093740934,-0.1029346082637559,-0.00415241750686065,-4.8773691058158875,0.20534231637914976,-0.0025889828278083506
1981-07-01,-0.01510580597849159,-0.10281328032625484,-8.152180910110474,0.028785946611449016,-0.09804191206818196,0.01944196025800446,-4.395738989114761,-2.5325725475947065,0.013909121490504644
1981-08-01,-0.04264883879389796,-0.07751154455732792,-7.331973314285278,0.021883583352934544,-0.1222380951269349,0.02465443037774252,-4.373262822628021,-2.811595549186071,0.01501466134843761
1981-09-01,-0.037461952664531194,-0.09513916645912414,-2.590114064514637,0.024784437427632245,-0.059058750743296605,0.027283078626446106,-2.9110021889209747,-0.6360157082478206,0.009766922089947413
1981-10-01,-0.018908063249362932,-0.13726764219872495,35.56517958641052,0.023774966168746674,-0.06946823490199758,0.012726364556052116,-5.415831878781319,1.5864210824171703,0.009125539369574965
1981-11-01,-0.02471318181890708,-0.1444498433711681,55.152904987335205,0.026916149038848262,-0.002434603876865177,0.026311352849006656,-5.157883837819099,6.942150493462881,0.02389436664238368
1981-12-01,-1.2148223765246518e-05,-0.08461289900414487,42.41396188735962,0.0257206156099443,-0.007698981702994944,0.013480832314361698,-6.9619253277778625,11.156816283861797,-0.05235114734466762
1982-01-01,0.002773395589702613,-0.06650358914060796,111.19565963745117,0.02008147383604547,0.0195100764507678,0.013673582073786985,-6.288262456655502,13.058136900266012,-0.07541080656116957
1982-02-01,0.013166996227069336,-0.043843599393012675,33.51220786571503,-0.0006172477402523321,0.03231992917274361,0.0025655547885791116,-3.714675083756447,6.632175048192343,-0.03328242734686969
1982-03-01,-0.00027652334916841736,-0.16947659723302153,68.50876212120056,0.01528959490171225,0.038857477258390456,-0.010970687979589338,-5.223511904478073,7.969476779301962,0.04628285357396897
1982-04-01,0.003084849722527124,-0.14492769507651634,61.50014400482178,0.011601713578143031,0.013929976623004941,-0.025648852587556063,-6.534695625305176,6.279886265595755,0.03284068701610173
1982-05-01,-0.007592250065474244,-0.12145380866020285,6.634694337844849,0.03225071516504391,-0.07898373279108929,-0.012559050937061726,-6.9023847579956055,1.431755969921748,-0.0070495199259013345
1982-06-01,-0.006996586892779891,-0.11694512944272224,17.12436079978943,0.023579800488065475,-0.0768101037438236,-0.017743680585661663,-3.770788758993149,-2.111110587914785,0.008020021199975929
1982-07-01,-0.020140186082441492,-0.1462532643308031,-1.2467622756958008,0.024793128878307,-0.11072463508862167,-0.03551292111692222,-4.034515842795372,-2.068011462688446,0.020636147372934916
1982-08-01,-0.034952380245069525,-0.1405854174431334,-7.057136297225952,0.019539030362590613,-0.06762633461560776,-0.038629426904346634,-3.190387040376663,-2.1213017404079437,0.021763592448136578
1982-09-01,-0.03393310011475236,-0.14822570250389425,14.593619108200073,0.018406054005026817,-0.118659025252755,-0.024023030115210495,-4.863510280847549,-0.364433570454518,0.011787462775429634
1982-10-01,-0.013099097601183645,-0.1528843127666636,34.70010757446289,0.008942935994337146,-0.04734288511881188,-0.0583883034794227,-5.89110292494297,2.7659274637699127,0.0018601508313560323
1982-11-01,0.000938234225540728,-0.15173944387030094,51.61476135253906,0.010977995334018907,0.0064714603237251735,-0.09064801037311555,-7.1625880897045135,4.004133492708206,-0.008852591049181272
1982-12-01,0.022382192131314246,-0.08124395253810478,37.43227422237396,0.019956171083793366,0.0035529921470738167,-0.0742442873509034,-5.721331387758255,7.926846047242483,-0.007599437838956101
1983-01-01,0.007805170921178965,-0.01127053884432671,7.171285152435303,0.012454918498615568,0.01794350430814188,-0.08290994588447655,-4.601942747831345,6.863740086555481,-0.05190267852724415
1983-02-01,0.00672517409483036,-0.0040014668248910855,18.21826994419098,0.006511736252485849,-0.0014816151945782241,-0.02665172811881032,-2.9551737010478973,7.133018970489502,-0.05532360750518433
1983-03-01,0.011858734679961956,-0.0058288780100485115,16.12190455198288,0.013070958901009115,0.014840224896793933,0.0034860845493233724,-5.44649250805378,6.9825346271197,-0.02748167831195544
1983-04-01,0.024136049034712198,-0.0109027754119102,33.670419454574585,0.011422907893391822,0.025580509273863548,-0.05570764774861543,-5.646366626024246,6.967387596766154,0.030984157977038868
1983-05-01,0.027456345570670976,-0.04552113724515793,21.06018215417862,0.01029761896716605,-0.029661028242822903,-0.060649449410645866,-5.150842294096947,2.825297166903814,0.010826614723630147
1983-06-01,0.004375174680685664,-0.0752120258960318,5.932706594467163,0.019241982682360163,-0.0600406872247582,-0.038791511855695564,-6.116202473640442,-0.6106919298569362,0.01074939149699799
1983-07-01,-0.005498904428750902,-0.1195598155894178,-2.997872233390808,0.023553772367161815,-0.11511997722867709,-0.010373198234921565,-5.0523631274700165,-0.9087291856606802,0.03306708260350032
1983-08-01,-0.0359481070320923,-0.10556354326136569,-5.6433796882629395,0.02243131425955313,-0.10034001585262925,0.007130835691223974,-5.558497458696365,-2.111940334240596,0.02723005536484392
1983-09-01,-0.0348501610797602,-0.1167705163676688,1.808127760887146,0.02488871942535579,-0.11875879631113649,0.0184439839390309,-5.257193371653557,0.522655559082826,0.03001769774988906
1983-10-01,-0.028562137752875583,-0.0728134145127966,21.332748234272003,0.02387925553664887,-0.06291006149640724,0.01427072085156713,-5.8200206607580185,0.8256296316782634,0.018582475205806838
1983-11-01,-0.007910193172055525,-0.10158421986914697,52.0646870136261,0.027435803584915274,-0.02144235950797351,0.018956191108926483,-5.135459452867508,8.818639318148296,-0.03246342227475284
1983-12-01,0.009879655159124128,-0.05147815781070831,84.9330723285675,0.015716838064978717,-0.014491373700882071,0.017496917558752975,-7.387169450521469,16.21551513671875,-0.056802532444261526
1984-01-01,0.002437839903250024,-0.024846814414288137,15.598013997077942,0.034452273289291124,0.022710697141601077,0.009192155836069067,-4.279571771621704,5.407183865706126,-0.08187887501226712
1984-02-01,0.016517805951562794,-0.04812699762430597,20.486989617347717,0.03378681114894881,0.01589420682458735,-0.003513032570481301,-6.96118101477623,6.227008004983267,-0.05549091386468443
1984-03-01,0.03540269587631826,-0.018946739270332014,9.481659531593323,0.031108738144310262,0.021604746024110423,-0.0007549325085204581,-5.316553637385368,4.720614850521088,-0.06116031579775353
1984-04-01,0.02641940580589788,-0.04990410376736459,39.56528902053833,0.03752181534286884,0.01805447208792416,-0.02580497636581245,-6.824471056461334,7.718551655610403,0.0033528419619757834
1984-05-01,0.007593108404597098,-0.056248138401102515,10.724446177482605,0.03218259662389755,-0.05397405197371297,-0.0022256479639074078,-6.127506494522095,2.6222916940848036,-0.016188129068237463
1984-06-01,0.007376141414303541,-0.06270009548740184,8.356991410255432,0.0314840283110845,-0.10606002674173952,0.003499587106963863,-5.953123793005943,-1.7102127273877463,0.001115687207433663
1984-07-01,-0.025166030582431314,-0.06217592732703432,-4.394400119781494,0.02728407304707191,-0.11161773729680188,0.015123650715078998,-6.2016647309064865,-1.7214262237151465,0.01319131546028673
1984-08-01,-0.03191049282367413,-0.053974974187130625,-3.1978368759155273,0.023002792551791926,-0.08100044371476814,0.023177183516647507,-2.4893976747989655,-2.234664559364319,0.011766192898766636
1984-09-01,-0.03328575928519656,-0.03682014314418144,15.721264481544495,0.023197732437,-0.10733688945200905,0.02463900119714115,-6.115194782614708,1.1197380721569061,0.019310936586905834
1984-10-01,-0.02248006110841578,-0.10384806293122313,26.464685797691345,0.023483797211012396,-0.03044313626058066,0.007074571255108585,-5.708828940987587,3.016014893849691,-0.030334441833300134
1984-11-01,-0.016861355544387044,-0.11390927941241163,64.210444688797,0.02734779293159787,0.010759471707157233,0.010413668503093979,-5.904055014252663,8.606781562169393,-0.004707373142854809
1984-12-01,-0.0029419249223245608,-0.13244355771135777,115.30845165252686,0.023515793166572242,0.018245409896124654,0.014861815649530163,-4.8562560230493546,5.641385912895203,-0.05166485191208043
1985-01-01,0.027505452972608847,-0.02808870073962719,15.75964093208313,0.025431018510310772,0.019741045839306134,0.031049248721936477,-2.442314848303795,8.823488156000774,-0.10263170689752657
1985-02-01,-0.0035813273666621924,-0.08657371744196467,34.72651243209839,0.027120754578345115,0.01723290935381135,0.004767543919708418,-5.296433717012405,9.947153925895691,-0.045037933000146524
1985-03-01,-0.014008530838923021,-0.13287783937251316,88.81691098213196,0.025286774733941333,0.02900303077341905,0.00014358807517134625,-2.10234671831131,5.994123717149099,0.027040078317465847
1985-04-01,0.005703786765778815,-0.12299088721579694,21.652019023895264,0.021891011152979284,0.0037311301775165458,0.005697114798037903,-4.257510229945183,2.2151224315166473,0.026586087905380824
1985-05-01,-0.010941982581898883,-0.07901943903020088,7.9429686069488525,0.024265984890701104,-0.03260282604996838,0.01282272718684829,-4.611995816230774,0.7597658783197403,0.02984646452616339
1985-06-01,-0.00990922383677501,-0.08881040551560991,0.3364384174346924,0.027891220993918484,-0.10042635362539717,0.012562438116773315,-4.938367009162903,-1.40899196267128,0.008512892415874626
1985-07-01,-0.03488402475010265,-0.0860447737764805,-6.660246849060059,0.02583870731240554,-0.109165806823702,0.019910397089045982,-3.6900945007801056,-3.192586700121562,0.027902215106846536
1985-08-01,-0.04443751348482145,-0.08733144148867182,-3.1783878803253174,0.024358493363042532,-0.09220323122259395,0.018195041819759037,-4.199116304516792,-1.8431355555852256,0.020449026806713785
1985-09-01,-0.032709677658089395,-0.07909691714225932,2.9447436332702637,0.0232770623599025,-0.06923391970235909,0.01938751038244885,-5.489981546998024,1.3106675197680793,0.018274615684600724
1985-10-01,-0.03477971206282402,-0.0636194812807631,25.941509008407593,0.021035800078253952,-0.048116616793532865,0.00906926903711713,-3.68838831782341,2.2993460297584534,0.014607027836450159
1985-11-01,-0.00444295965916627,-0.11334784645983514,148.15688133239746,0.015367502547639737,-0.0006374088115990162,0.0135616439840068,-5.0411656498909,8.145005504290264,-0.02866291683422376
1985-12-01,-0.0007395427413545289,-0.06532074606164973,28.867095708847046,0.023886013990469118,0.015907544197876062,0.03164348233005275,-5.8693524450063705,6.745652854442596,-0.0525570130103255
1986-01-01,0.018876787743993574,-0.027531797581530633,30.91510832309723,0.01660813795228442,0.029712381647593936,0.03641974504875101,-4.78040911257267,5.373254418373108,-0.06523729901607722
1986-02-01,0.03758570036062828,-0.02726539969444275,101.9963264465332,0.013162121310722915,0.03349024858047713,0.021113276927043564,-3.4837063401937485,8.251046637694042,-0.09242151289770048
1986-03-01,0.029680993850831387,-0.09672415858887612,15.793907642364502,0.024765061897982797,0.042362527838393824,0.004826217241909193,-5.222213640809059,2.9790369172890983,-0.016724817097595292
1986-04-01,0.02738604195077311,-0.09544373668254691,44.13384199142456,0.020641181282967117,0.016509976460417703,-0.021231814652033477,-7.081533223390579,3.3807287613550825,-0.0011011883169922928
1986-05-01,-0.004053812708471205,-0.13745271779121238,17.199337482452393,0.02217985716440695,-0.043538721528515886,0.0030103455419125767,-3.8794871419668198,1.7495582501093547,-0.008710029165018096
1986-06-01,-0.023780321585131693,-0.10586101165477266,-7.944106310606003,0.031847477950852555,-0.0762683686925404,0.005063451826572418,-4.50613871216774,-1.9842228541771572,0.022833972965201288
1986-07-01,-0.030198228591076147,-0.10772425919137103,-6.6757917404174805,0.024528430252195265,-0.1077406108379364,0.007661869749426843,-4.0365297347307205,-1.7980575561523438,0.00938608770399061
1986-08-01,-0.03544774844304665,-0.11754067654305317,-5.895954370498657,0.015163244746571823,-0.08618310649893177,0.017479881846710392,-2.462640032172203,-3.188667446374893,5.6914394332274595e-05
1986-09-01,-0.02730351423362752,-0.1295358497411647,39.03059661388397,0.021222136954931047,-0.09472366811624214,-0.010805286102644775,-3.484378382563591,0.6388378019134204,-0.0042818489879982114
1986-10-01,-0.04788352879923541,-0.1037948229845534,5.398887395858765,0.027414087018520713,-0.05477808082281653,-0.000694807942794717,-4.39009964466095,0.2724366572995981,0.007356955248811474
1986-11-01,-0.03691577072535362,-0.13962070992652406,41.01019203662872,0.02909151622824532,-0.010512075595446486,-0.0016893818974494936,-6.365785002708435,5.263364811738333,-0.0057079357235399015
1986-12-01,-0.0063476541651074185,-0.13161583783778738,1.1654616333544254,0.031281144713326325,0.0061861767586487435,-0.020136480098185333,-3.6480579525232315,4.965345561504364,-0.042436789874344655
1987-01-01,0.010145973931945914,-0.07631027318061667,40.949058532714844,0.03459102259747845,0.016440748612382518,-0.07867845018272815,-4.886414110660553,9.104008475939434,-0.045223998492711213
1987-02-01,-0.0019436513262612004,-0.0403015894141603,2.714353986084461,0.019587976509402003,0.022516570596107795,-0.07283022222311601,-3.1555283814668655,4.370666046937307,-0.036055242566213216
1987-03-01,0.007449272512034937,-0.09470002606828162,28.465694189071655,0.016981018908161054,0.022590172880176288,-0.060445956237938095,-3.6273404955863953,5.271136264006297,-0.003137779485893576
1987-04-01,0.029247034002434124,-0.058276174550360826,5.390079319477081,0.0135580124668509,0.0009005750293162331,-0.08096125300811685,-5.5923957377672195,1.7425077656904857,0.00532316394813665
1987-05-01,0.019646421973626097,-0.1288455772273084,-2.5063276290893555,0.009749217039282373,-0.030983328374464117,-0.07379677308642346,-4.165974259376526,-1.1985606203476589,0.04220974874006559
1987-06-01,-1.057775665100638e-05,-0.08865922213868893,-1.606038212776184,0.025835254048700816,-0.09605762229036928,-0.03306947972463525,-3.822082281112671,-1.3138788441816966,0.015640593044561883
1987-07-01,-0.013176419518210672,-0.17124157636723622,-1.6261547803878784,0.029079202669773173,-0.16869867025916255,-0.05191671297602032,-4.107996448874474,-1.068302740653356,0.011488120390536035
1987-08-01,-0.01898114943968041,-0.14061449055976058,-8.063989877700806,0.02781340865780124,-0.09986731543469785,-0.016191399899189888,-4.378877952694893,-1.3875884314378104,-0.010889457309082763
1987-09-01,-0.032502496810434586,-0.11434298246464832,-3.4820616245269775,0.018421696706695096,-0.07595713458844085,0.0023084482097107434,-4.038701578974724,-1.2847432245810828,0.011476727636301354
1987-10-01,-0.007811479817528825,-0.11081067805594587,9.629996120929718,0.018617394882783616,-0.04855216995104035,0.005469757901585621,-5.088188499212265,0.31375763937830925,0.013674759905632229
1987-11-01,-0.01962330856627518,-0.20504692133436814,7.2912514209747314,0.03487869775552544,-0.01401718455686498,0.0025464497182680216,-4.4944994151592255,3.494773308436076,0.007394427586704085
1987-12-01,0.0008523965684267192,-0.12173285668200635,48.096057772636414,0.027695509250001086,0.0003192032975798,-0.008481964873878853,-5.5496662855148315,10.082925359408062,-0.035874155184177504
1988-01-01,-0.0018053761377305418,-0.12035818493112606,45.23720741271973,0.02558342509454103,0.03191557671151944,-0.00804094223143614,-6.615431606769562,12.098900477091473,-0.039617066616064886
1988-02-01,0.006989624116804216,-0.0539545643519848,37.61572241783142,0.031804624382111665,0.034174328642104984,0.0028394105965676517,-5.166110023856163,7.3776716987291975,-0.0744138729490646
1988-03-01,0.01584868487361428,-0.04596253658862824,26.956743001937866,0.0409863366604709,0.02217801954986444,-0.002015887395195339,-3.6483965814113617,6.609733402729034,-0.011633607010318809
1988-04-01,0.022211950597958965,-0.10296416250949211,15.813988447189331,0.032741142932674015,0.002660333359641815,-0.017709818607925074,-5.3466275334358215,5.155551433563232,0.01653623448251045
1988-05-01,0.0020727818063297474,-0.10143951215642565,18.14960539340973,0.029414092197263843,-0.04502382240633466,0.010732008832628313,-8.164896816015244,1.1345899353424709,0.009034941457722285
1988-06-01,-0.011393253307242494,-0.05993092868556368,-3.2793819904327393,0.03026794347402861,-0.10755811609438995,0.023241192102432254,-5.837670341134071,-0.9824804961681366,0.01186042360655249
1988-07-01,-0.024460833128932474,-0.05384147008682819,-6.570658087730408,0.028512559214727486,-0.10292941509787716,0.02724921978686167,-4.359507188200951,-3.0114916463692984,0.023750733737259694
1988-08-01,-0.047710773671840456,-0.02755839377641678,-9.31074321269989,0.02682375781934896,-0.11153864993977902,0.03189160205099894,-5.071379244327545,-1.8997396032015483,0.018454056029042154
1988-09-01,-0.03236225330746258,-0.026362163430832804,11.071378737688065,0.026912455239313113,-0.08342570778149277,0.031278018394242164,-5.738552287220955,0.10399113719662031,0.008859313156915037
1988-10-01,-0.022870821266115962,-0.023970641988389038,-0.1467198133468628,0.026753950167259725,-0.03965687451522742,0.022154169400101124,-5.1845502108335495,0.7082923005024593,0.008426722113604415
1988-11-01,-0.019692863383284815,-0.07976576527382466,62.64925003051758,0.027439254503563156,-0.022535693289628667,0.012054389504634817,-7.642699778079987,11.253338058789572,-0.0047380398091388075
1988-12-01,0.012688872801673997,-0.03660826131384424,59.909164905548096,0.031111136802452075,0.008681019656916162,0.009858812934354597,-3.903989866375923,7.105251650015513,-0.05088267873411309
1989-01-01,-0.011960870319313104,-0.051183348640482476,42.74466335773468,0.036072360499085285,0.03223402509048803,-0.008751792205578608,-5.915050581097603,9.016188979148865,-0.03728546610433762
1989-02-01,0.010701683284779946,-0.06830040761765013,64.5836591720581,0.009416390994309094,0.02558615281065898,0.0016453449168930883,-3.6381758749485016,8.4999551375707,-0.028932166017898144
1989-03-01,0.029422353197644642,-0.03140739145431113,58.947789669036865,0.014365608544296606,0.04328038654665448,0.001267638543377752,-3.9156872779130936,7.363046705722809,-0.01892656317516549
1989-04-01,0.008087765777131894,-0.09247256403273725,19.887274503707886,0.021307223992382024,0.016979889860793726,0.000889589200201242,-5.871095135807991,3.989292432864507,0.02346576944197694
1989-05-01,0.01056320880624381,-0.13832803419295778,24.011972546577454,0.02631977696320136,-0.0374417029209991,-0.0106276648685984,-5.7347748428583145,3.1234659254550934,0.0041395298218073915
1989-06-01,-0.0021862582518504215,-0.1027913883011392,7.25037157535553,0.028708308479554363,-0.11978119389334721,0.00800925752390986,-4.963803291320801,-2.4689264595508575,0.013827481498456981
1989-07-01,-0.02762612762984696,-0.11751497203999378,-8.043861389160156,0.023472206600063997,-0.10866196965103718,0.012993923509898394,-4.486459866166115,-3.44576636950175,0.03574237431565376
1989-08-01,-0.023240517251766644,-0.10183194374784511,-6.149417161941528,0.02918258684573414,-0.089114376190883,0.029350815583830295,-2.97525841742754,-1.565026119351387,0.006789559090178307
1989-09-01,-0.05058436621944388,-0.09518307732774857,9.787244349718094,0.025177109155723517,-0.10933047577516355,0.03147390306643818,-5.611923336982727,-0.1187548041343689,0.004656633285626973
1989-10-01,-0.02125127098956178,-0.08848720091454526,13.776883482933044,0.016411637431747624,-0.03635742381882311,0.028537831714619762,-6.9013990461826324,2.103151132663091,0.01284517985704827
1989-11-01,-0.024950888880587125,-0.09488339753861123,38.57616484165192,0.025406498260956877,-0.01179099138548125,0.03492150617682416,-5.045805126428604,5.27134637037913,-0.011863872051647266
1989-12-01,0.012851615560117302,-0.06076191809583218,12.032100558280945,0.02674769891573371,0.004079649502884096,0.029155770721642868,-4.984506964683533,8.052050570646923,-0.06124967173354266
1990-01-01,-0.034618005807791556,-0.10864275725598031,62.66179084777832,0.02690512358659892,0.03215576063341169,-0.011689480313140413,-4.230674356222153,11.225184798240662,-0.02830114776957525
1990-02-01,-3.117773278088837e-05,-0.0581204336374364,65.12442827224731,0.01576186137662517,0.02905311090732688,0.0015201812367076461,-1.7857413738965988,5.9538011749585475,-0.0004986403525921784
1990-03-01,0.00933215780821922,-0.11533937080109374,19.505390524864197,0.021882694576391214,0.03026477825730594,-0.0637467270312102,-3.6811120808124542,6.428894897301992,-0.0009581286377235227
1990-04-01,0.020616314653958474,-0.16653613841280024,9.68160629272461,0.02176580387804148,0.0040950687991371795,-0.03984909018744593,-4.784947261214256,2.2571295499801636,-0.027237702416230556
1990-05-01,0.008327175270427357,-0.15638760746793545,31.440487504005432,0.029375252695821173,-0.05443296881754007,-0.04198559478897116,-5.8973632752895355,1.7532589534918468,0.030894477992025143
1990-06-01,0.001846694133498452,-0.11796383781636016,15.015089511871338,0.028093969248396033,-0.12637295607310622,0.001560711180386336,-5.337677523493767,-0.15624832982818287,0.016329793438111265
1990-07-01,-0.016168026917881065,-0.10608227804620216,-9.336921572685242,0.025888832567407073,-0.10075918329295827,0.017012912456108177,-5.365539714694023,-2.543379863103231,0.01893068013125903
1990-08-01,-0.02946333464730036,-0.1128719762918797,-5.723271146416664,0.021928011459841145,-0.0983846721364491,0.023467539121275364,-2.999834530055523,-2.0176769544680915,0.03030087849865221
1990-09-01,-0.03148779807078255,-0.09365957626636992,-6.275352835655212,0.02503241646847279,-0.07926619875786908,0.01883650967932266,-2.3156369104981422,-1.5011057257652283,0.007905439818150378
1990-10-01,-0.024013523536675668,-0.09857541386117327,14.131754636764526,0.020701274369582,-0.05570998721158326,0.02371208256353503,-5.820683017373085,3.1950374444325766,0.00749913950080741
1990-11-01,-0.01796742972846215,-0.1350464180428931,45.627427101135254,0.018918151584480684,-0.008744731156238868,0.019331821442946144,-6.620217114686966,5.1303282380104065,0.0036017321790122007
1990-12-01,-0.01783167415826054,-0.10750542612785989,76.8219530582428,0.021151395635210353,0.014205288086364518,-0.004765173096371734,-6.039246171712875,9.668105840682983,-0.014844740906806842
1991-01-01,-0.008593738352606347,-0.08215880457391131,19.13573443889618,0.02050881387947275,0.0406938062897369,0.001008148588564085,-5.4013267159461975,8.291606108347576,-0.0614454791153947
1991-02-01,0.016681026745509434,-0.10254833292453848,7.721883058547974,0.014780890096059379,0.01778137216817087,0.0026384773461715035,-2.707379125058651,5.084621409575145,-0.08346232751460925
1991-03-01,-0.008825824915112315,-0.19130781292915344,64.65771794319153,0.026887537000312225,0.04122805183947976,-0.015818802234919178,-4.543160647153854,10.220392545064291,0.03378463985577022
1991-04-01,0.0010671771385452964,-0.20530005084707384,29.70932424068451,0.0334895798842684,0.013805759042056638,-0.022829460870960487,-5.592549964785576,7.164135078589122,0.010184766979862566
1991-05-01,-0.0021391352833984617,-0.2077603118216738,19.572092592716217,0.03321474659249937,-0.0381396860996289,-0.04416527955428414,-5.429660156369209,-1.6003208855787914,0.006772961773692745
1991-06-01,-3.8738460182309984e-05,-0.12722227801667885,5.3633809089660645,0.027896394189313164,-0.10456889867782593,-0.026018909057197365,-5.724484100937843,-1.2999954322973888,0.024651289496519794
1991-07-01,-0.016081864600414997,-0.12180767160780887,-7.568711042404175,0.02550669751471753,-0.0908737585170945,-0.021669956572029903,-5.623183026909828,-3.687359392642975,0.016775319021042078
1991-08-01,-0.029596201163697076,-0.11958363366887925,-6.548136472702026,0.022720262783465627,-0.09018748776236576,0.008653836000872696,-3.461790457367897,-2.800816794236501,0.022447417962224516
1991-09-01,-0.051321995841873275,-0.08257465793731365,-2.9490768909454346,0.025080865342840018,-0.11159835466698034,0.02271864320272985,-4.186665639281273,-0.22527401645978293,0.011381815659673247
1991-10-01,-0.018898572225670714,-0.11221852074278163,12.803119421005249,0.0206417172959597,-0.057101666704932254,0.011064534520973331,-4.549703374505043,3.241127481063207,-0.023133968551681466
1991-11-01,-0.01859785858671982,-0.17096642801102171,14.642319083213806,0.03318286855979789,-0.02680372502376784,-0.03490131915263508,-5.0811950117349625,8.49635402361552,-0.04453966776802115
1991-12-01,-0.014298921654495847,-0.1245022216375838,1.345992088317871,0.026072396581871906,0.008326397736125916,-0.047291525356147605,-3.3982016146183014,6.524175405502319,0.01039056502894996
1992-01-01,-0.0033620272769586193,-0.07385026584280298,11.182349920272827,0.030946666324551373,-0.013175638698375047,-0.059048635480196586,-3.1310811638832092,5.813915034135183,-0.07779627834280876
1992-02-01,0.006542397806277642,-0.019345279941533476,2.8943240642547607,0.003712936371511264,0.01661354092074864,-0.08338912673618483,-2.975808084011078,3.71916542450587,-0.029067830373979597
1992-03-01,0.01442269389550169,-0.09753389402906947,-1.4406085014343262,0.007691652440338684,0.018747634629705058,-0.11441884481388591,-4.381352290511131,4.268407821655273,-0.018634377940468592
1992-04-01,0.023507901265487807,-0.059681350087865875,5.108952522277832,0.009100021888240637,0.0045392874266896675,-0.10609874744778094,-7.406722009181976,2.410768469174703,-0.024499524741956633
1992-05-01,0.01817831144362063,-0.07557452042052087,-4.679453745484352,0.009513066800163806,-0.038257688839933766,-0.08234631432139355,-6.899408996105194,-0.8141074329614639,-0.025341154573714896
1992-06-01,-0.01068349432695162,-0.16000844696734814,15.854193270206451,0.03187227726197071,-0.10886366910009242,-0.022054409365291183,-4.5810990035533905,-1.0347299898664157,0.002516217510636947
1992-07-01,-0.021700845979206212,-0.09587435646260038,0.2035200595855713,0.022939456586571906,-0.1402455479351442,0.007296422415453455,-4.950607940554619,-1.742281640569369,0.022637805812162896
1992-08-01,-0.04660569756597906,-0.05777892755701187,-6.215769052505493,0.02056301819334785,-0.07529531174631261,0.02393845711713252,-4.024771600961685,-2.644141763448715,0.02012536542056358
1992-09-01,-0.047786529924902885,-0.08196414626659232,6.16910457611084,0.013334873817499272,-0.09337362291207954,0.027412471725888878,-5.2531275898218155,1.489283268650373,0.0020658819017651147
1992-10-01,-0.030223926744208887,-0.07050006472049876,3.725367784500122,0.020016793148230308,-0.04490064040048798,0.03243952827609104,-4.824620485305786,1.9230787952740989,-0.0021932716800333704
1992-11-01,-0.03422247978591628,-0.11376948591242446,14.335840940475464,0.0272204509849171,-0.030797386347357906,0.022965117317178978,-4.480544850230217,6.487844884395599,-0.01681321109198544
1992-12-01,-0.004493510936732059,-0.11190605607438596,100.28876066207886,0.02481720423687705,0.0024333151418771317,-0.002395394460662552,-4.041934385895729,9.182075659434002,-0.025550464857114506
1993-01-01,-0.006200986266318527,-0.13855927168054785,62.6414954662323,0.014721263173243983,0.018440506685135968,0.002138836957190348,-4.080979526042938,9.938409924507141,-0.043781065981682035
1993-02-01,0.01106044827875766,-0.10570672122721977,76.34720802307129,0.020566628910869147,0.02542080552275501,-0.01815914783788764,-2.8758496046066284,5.705581605434418,-0.0354128774918922
1993-03-01,0.013141096992926165,-0.1210461271570084,0.0823974609375,0.02261613689952617,0.0313583650250933,-0.025721843475880832,-5.421586707234383,6.053071220715841,-0.01016189471805749
1993-04-01,0.03297034051868466,-0.12173769955939436,49.80936646461487,0.03039667335935205,0.006882204854888702,-0.09386796342289967,-6.470460444688797,4.416884481906891,-0.013439870146039415
1993-05-01,0.008984985663653255,-0.08499482052123293,-5.340075492858887,0.022273970325644928,-0.0448617222371386,-0.04526593276987905,-5.342553928494453,-0.13022942778964838,0.011431993533895441
1993-06-01,0.002288252076173162,-0.13622124778463487,26.67926251888275,0.03288786241905295,-0.10236989873558727,-0.028622137868533966,-4.96174544095993,-0.1363762654364109,-0.014352891594171524
1993-07-01,-0.0010742783103581076,-0.0969217099407886,-1.9716860726475716,0.02726774542130155,-0.09387724879962295,-0.009086674646190975,-4.99352291226387,-0.8176820973555248,0.001213256961806384
1993-08-01,-0.03872179211332248,-0.12378042682688288,-11.222940683364868,0.020811635759665815,-0.1287908585213903,0.022633894063208416,-3.14040370285511,-2.0209637780984244,0.003017731687079554
1993-09-01,-0.033528359046765974,-0.0873253621319507,7.62978196144104,0.023041063209446214,-0.10354641213345883,0.006917902146992476,-6.234496831893921,-0.07584847820301852,0.004331178784574548
1993-10-01,-0.044397810487063614,-0.0947184147352868,11.297232657670975,0.015402984932708226,-0.0444161052356905,0.021732215486142948,-3.981338068842888,3.095429639021556,0.009141089905002345
1993-11-01,-0.017522959286099548,-0.12445920642386092,53.01641225814819,0.02825569307846989,0.0013010964708041342,0.00782629596474378,-6.870758533477783,7.478822271029155,0.010299743216944067
1993-12-01,-6.601318612798945e-05,-0.1326458806053121,42.659419775009155,0.02917247496062903,0.019874101254477427,0.02389920146568962,-7.3990508913993835,8.476827541987102,-0.02582144910750324
1994-01-01,-0.003119294573976235,-0.10458223838755426,7.843726873397827,0.0201891688964993,0.029985403725460394,0.012030238083199316,-5.932221934199333,10.162537296613058,-0.03574371133765129
1994-02-01,-0.010045096799210236,-0.10225358320043443,72.52582311630249,0.01604622363936987,0.03055112797822525,0.000772626017746718,-5.829383432865143,9.939450025558472,-0.02153702845720396
1994-03-01,0.010100739049054423,-0.0940445731294916,36.79499924182892,0.025134853911485604,0.02843115145145957,-0.0029316317775975103,-4.41850870847702,5.890502035617828,-0.013489791587607502
1994-04-01,0.013156351796188554,-0.14675392749461721,24.974578619003296,0.033893168856986136,0.007761699328226829,-0.029262593307066712,-6.678099185228348,2.9867214461167655,0.006406983896477582
1994-05-01,0.002724499526348981,-0.17146464992076793,6.626194715499878,0.033635263525539166,-0.04910728824672414,-0.005558484598346379,-6.558292359113693,-0.62507763504982,0.007725569534383408
1994-06-01,-0.00671951875246905,-0.15077709834626382,2.95561570674181,0.027529041034926614,-0.08697912875396102,-0.004940520486106044,-4.691524803638458,-0.29875061785181367,0.028818358399280132
1994-07-01,-0.02577697558628096,-0.10463861708945417,-6.7442238330841064,0.02058232337129202,-0.0797993044799833,0.021624002281738365,-2.150433510541916,-3.75333180030187,0.01970835234204384
1994-08-01,-0.04623835658902055,-0.06896623588622885,-9.057992696762085,0.020147914321516917,-0.08235675519082084,0.025751484234047974,-3.678816556930542,-2.7208812534809113,0.006794539114383802
1994-09-01,-0.05422918633981185,-0.1081501232816818,-1.0743796825408936,0.015784433218751025,-0.07812628216707884,0.01788188500896744,-3.138149157166481,-0.3170671872794628,0.0027603820629724086
1994-10-01,-0.05866105739886945,-0.11259145400625595,12.138795852661133,0.024285536634621862,-0.05328655242919922,0.007681985557808177,-5.2986763417720795,1.9644624243179958,-0.007981184410722288
1994-11-01,-0.027040760456161068,-0.1922959342915961,63.670629262924194,0.024299434781503336,-0.0353760016498281,-0.019672332817445633,-6.621211022138596,8.224170903364818,-0.024438697895775102
1994-12-01,0.004759540136616964,-0.22439528652962218,29.5167475938797,0.031084401814414447,0.01561650450327503,-0.047828056242155,-3.8682490587234497,5.303356548150381,-0.027200454616383332
1995-01-01,0.02548498772345223,-0.11431841140097761,43.51722002029419,0.00883868875370609,0.0175365191231023,-0.035274106523265014,-2.863585576415062,8.365928133328756,-0.05000797546889684
1995-02-01,0.02745069641541768,-0.06212115763349736,39.02064263820648,0.00917503657154471,0.014355593819671601,-0.0019686418059079547,-3.165579214692116,6.8311939636866255,-0.06128331671838891
1995-03-01,0.024697069287091703,-0.12446741791481668,50.27338266372681,0.012070237174831171,0.02648226305175183,-0.008341806090396385,-3.0947910621762276,5.498820543289185,-0.04288951725992438
1995-04-01,0.011338354772204287,-0.20314044457800845,18.430154025554657,0.031097599124308116,-0.016123369169324192,-0.010849026882130167,-6.653100252151489,4.5376017689704895,0.017895220383389355
1995-05-01,0.021369221874258736,-0.12366128094652866,21.537089347839355,0.03156345471632566,-0.05847711616487645,-0.008343435499979103,-7.237594574689865,2.264032264550527,-0.008931747726994019
1995-06-01,-0.012710184132406762,-0.14922344621191636,3.6863505840301514,0.03167788746009628,-0.10088796713458957,0.0030326440363474517,-5.639683082699776,-1.9040491431951523,-0.01058227267779716
1995-07-01,-0.02656016837466847,-0.09756276106580776,-4.018837213516235,0.02636571394668209,-0.11726219707460545,0.017232786580596283,-6.583083420991898,-1.6345674792925518,0.024005908467998244
1995-08-01,-0.027635068326563268,-0.0493949516973597,-6.476140022277832,0.027939628327278785,-0.10659867035808847,0.032872722848601967,-5.087805911898613,-2.1762654185295105,0.0356902176999066
1995-09-01,-0.03270378818253537,-0.06685318781974468,2.511364035308361,0.02719534882645813,-0.10211972603157385,0.029779938252075863,-5.631233751773834,-0.7471264029542606,-0.006716022880314147
1995-10-01,-0.04615033162640525,-0.04751913328754141,25.84725022315979,0.02869918955851802,-0.049353830182730256,0.031751831588537796,-7.809998095035553,4.582452774047852,0.00950510817745777
1995-11-01,-0.009783662829574172,-0.10408766250661079,31.117737293243408,0.022148951995287013,-0.03311451691300121,0.029696529812139015,-8.529628068208694,6.373037397861481,-0.03577393722044279
1995-12-01,0.009905056168253606,-0.05012096718270728,27.81309187412262,0.03144071980131616,-0.009052766792809785,0.02394090143396803,-5.726742744445801,6.623542308807373,-0.10760789864683805
1996-01-01,0.011908166986479835,-0.06288140219576815,96.02065086364746,0.016722832169892978,0.02094428124490069,0.014203979087102674,-5.044738203287125,13.656840721766155,-0.06974962578244405
1996-02-01,0.022310276769778946,-0.058537907898426056,82.66134262084961,0.003681225842869968,0.028880021131750363,0.013175560161471369,-6.0723163187503815,6.614922980467479,-0.02028809554160458
1996-03-01,0.005582802508912095,-0.049939735772761895,23.599359393119812,0.018011255980395584,0.04338570105940548,0.012226675019559007,-4.8613302409648895,6.584136188030243,-0.01568655572729568
1996-04-01,0.0294748550424209,-0.11576932478458324,35.23217439651489,0.034691670762120395,-0.007331595102797693,-0.029803137092486675,-5.514626577496529,4.457585513591766,-0.03351844745139553
1996-05-01,0.02055854595207668,-0.13671515786901434,21.63926512002945,0.02954945691841112,-0.08226970016066708,-0.008436560468829197,-7.152324914932251,1.5888882180054984,-0.0135710794631749
1996-06-01,-0.00027334317564964294,-0.1312566802222678,-6.692677736282349,0.030287393375480778,-0.10139756460688007,-0.0027025694472958216,-5.598128959536552,-3.282403697570165,0.020049231713765287
1996-07-01,-0.023786110113133918,-0.08129679617729593,-5.1304396241903305,0.025566205677154254,-0.08200175170578174,0.024406960153061413,-3.988109529018402,-3.6375539998213453,0.019881278531600353
1996-08-01,-0.03610997089556047,-0.08980837115582,-5.469897389411926,0.02212556574842055,-0.0932495207039278,0.022777546926037128,-5.038386583328247,-4.2176708579063416,-0.0041628023609519005
1996-09-01,-0.03294000154608613,-0.04654624598457458,0.3884851932525635,0.024418758643831282,-0.0695106253695132,0.024595980572959652,-3.6757998168468475,-0.05505992642914256,-0.004152890473400077
1996-10-01,-0.028131431346381464,-0.08115938052218012,28.837227821350098,0.026371515617310572,-0.04148520529270172,0.02536366977121519,-5.917156860232353,3.4138848384221396,-0.0068030875074128585
1996-11-01,-0.013678813991429922,-0.14896362702897256,34.70291197299957,0.02092140351536034,-0.02335980256546789,0.024209251708310585,-4.798712581396103,4.452277223269145,-0.01734832480345687
1996-12-01,0.0028195002904305095,-0.11779673080495064,98.9553153514862,0.00897404761221126,0.008601071174020198,0.030843754015539005,-7.1773238480091095,13.459850351015728,-0.05221604688526833
1997-01-01,0.0323032908193715,-0.07986306668596065,48.63188862800598,0.012992561640713713,0.01735908549223373,0.01623681698338655,-5.443594232201576,6.75409734249115,-0.07713015561234461
1997-02-01,0.013777910621016177,-0.09418055415153503,16.275011003017426,0.031776023398843604,0.03760013062117704,-0.01873305593819722,-4.3930113315582275,5.8521658182144165,-0.08092418517151924
1997-03-01,-0.000858265203195852,-0.09558918152717834,30.53053915500641,0.018616244632402343,0.02363552130869965,-0.00048026847450629526,-3.6191411316394806,5.115401744842529,-0.029458029017056506
1997-04-01,-0.004996524772027156,-0.191916065647247,15.975452959537506,0.03211471258843546,0.006523340551266029,-0.045916384652904846,-4.596812278032303,3.135734796524048,-0.04255325112440815
1997-05-01,0.013464125251019752,-0.14794961886203037,4.244154691696167,0.012619403716873565,-0.03280801170352679,-0.09543649528337562,-5.499022081494331,-0.37462127705415094,0.023495035934938145
1997-06-01,0.0007164999972898644,-0.14408917186108042,-2.165547013282776,0.024578172132279055,-0.11613298930338958,-0.09798612931500311,-4.199406132102013,-1.397706319888433,0.000943969903284148
1997-07-01,-0.004631537826849031,-0.14159711117440082,-0.17435253830626607,0.015436415895551659,-0.1000216425354801,-0.09728140157202017,-4.584113508462906,-3.3417008817195892,0.02141932204161605
1997-08-01,-0.021412506881918942,-0.19974697460519508,-3.2668709754943848,0.017013686890010354,-0.09037179510984847,-0.07227747336677884,-4.824117943644524,-1.6346566379070282,0.019265752132624797
1997-09-01,-0.030658577757698674,-0.14682695903676624,-0.011357665061950684,0.01772629120554641,-0.15185397507539436,-0.09187570570603662,-5.9954870492219925,-0.022816075943410397,0.01642468755375849
1997-10-01,-0.01577546883543784,-0.12690443149272432,21.865329146385193,0.019726109617262438,-0.0884829839663719,-0.09910920715850333,-6.595596671104431,4.135128855705261,-0.01331699042491717
1997-11-01,0.0007705379544490285,-0.09553558490377792,24.82568770647049,0.006482217514472042,-0.06743467676995406,-0.04849906686855399,-7.183527946472168,6.208031872908275,0.03584434520708372
1997-12-01,0.011757195633518595,-0.012180999793270801,13.288222253322601,0.01349138404182393,0.033467638292419374,-0.06661081200708514,-4.875160381197929,8.865736921628317,0.0029222551758771075
1998-01-01,0.023599399149522082,0.0054499837867123015,22.9954794049263,0.0022621992841470157,0.02237585748531925,-0.04114553372821082,-4.797034710645676,9.259282549222311,-0.060161897172666574
1998-02-01,0.020438673990693962,0.01432197465700038,20.202602446079254,0.01418081534316214,0.03695981438035396,-0.011170905528833038,-3.939177468419075,7.457812130451202,-0.014352040646010882
1998-03-01,0.0360516714049386,0.010492523854717295,33.83697271347046,0.011432702860815063,0.046968337760042785,-0.018906362719185974,-5.202285572886467,5.977590382099152,-0.02626607015933076
1998-04-01,0.03375824071935841,0.001682360047236719,24.513494968414307,0.020160634579847188,0.027340636658134743,-0.011098148382228355,-7.03633651137352,4.589021702607473,0.049283095214464896
1998-05-01,0.022474305144139936,-0.11262119291944707,28.136590123176575,0.02179905711907706,0.00015739110427032878,-0.0570855046743932,-5.475160107016563,4.538885752360026,0.028167769619046826
1998-06-01,0.013508130568307597,-0.09779402233184653,41.263794898986816,0.03047432321653092,-0.10651845985384129,-0.02294992764844843,-5.852879583835602,-0.34462446346879005,0.007727227416144658
1998-07-01,-0.005898335981150191,-0.09359497814736469,-5.485588312149048,0.029662084638429204,-0.157745493881738,0.009244474298928095,-5.297273397445679,-3.1619608402252197,0.024581504092641072
1998-08-01,-0.039560951526973635,-0.06307148315170978,-3.971046209335327,0.024347539267522828,-0.1285159320973638,0.024302086752393974,-4.992873594164848,-1.639744391043981,0.03312404127153632
1998-09-01,-0.04244504587633627,-0.021922788483665346,5.348958075046539,0.028812731180688462,-0.10599317168121906,0.024974764851124393,-5.3637053817510605,-0.5821334818998973,0.02329925917191048
1998-10-01,-0.04678849860296383,-0.046344802893222646,18.104474246501923,0.03385487206869846,-0.08813160012907056,0.014552814637958681,-5.366005003452301,0.4837521662314733,0.01409158416806835
1998-11-01,-0.015393424440513958,-0.102127287933167,53.85604500770569,0.03168707070269173,-0.030619684439986496,0.012721453550393167,-6.728328764438629,6.042045851548513,0.028821047752687377
1998-12-01,0.013222903504941638,-0.10249210481948041,35.024985671043396,0.03906109792401465,-0.00545074016467404,0.015966193851731394,-5.945400893688202,8.527602752049765,-0.04293008720221585
1999-01-01,0.007765932607796643,-0.044916800044952555,63.39868903160095,0.029221619981870377,0.02929353947514918,0.0035592115929593215,-6.28427267074585,9.967947006225586,-0.03579882522151895
1999-02-01,0.028103596198704693,-0.050688899577932156,73.16404581069946,0.03111699073434734,0.027118517614122647,0.0036475654569980893,-7.169298082590103,8.484132091204327,-0.03139743811055406
1999-03-01,0.03195433597360458,-0.07460634125039933,56.26424551010132,0.027715513254884337,0.03277852352875382,0.0004741938217826512,-4.629983007907867,7.145527501900991,0.023134718712878553
1999-04-01,0.0215430704915857,-0.09867216044283929,25.82850158214569,0.039238907503995966,-0.0048376595490236774,-0.02548537561265023,-6.297560036182404,6.566492219765982,-0.01267573400719525
1999-05-01,0.02255860090880961,-0.0646772417933383,34.65757668018341,0.028782278272531017,-0.04989939060673784,-0.006519438212980395,-4.709845408797264,3.1705250342686973,-0.03229419203245477
1999-06-01,-0.0008025336880367119,-0.1355665161254558,13.610142469406128,0.03139692820983825,-0.1104493861767783,0.0043758223562136945,-6.172275543212891,-1.0190836464365325,0.012886154222978305
1999-07-01,-0.0275923424380851,-0.07257648604981443,-1.1967778205871582,0.026923578178925482,-0.09070023227093824,0.021605813146933266,-4.2147621512413025,-2.2815465927124023,0.03053413015114118
1999-08-01,-0.03125958561480462,-0.030944736159228266,-4.412358999252319,0.027944372712279397,-0.10502862174119522,0.031267287128645446,-5.0344642251729965,-1.682549963394801,0.030515401636900967
1999-09-01,-0.027478768301385268,-0.039008251847104825,3.05253267288208,0.027895092347757423,-0.12629694903074803,0.025624976209972217,-6.070017442107201,1.1539606998364131,0.010644618983138098
1999-10-01,-0.028211661204174683,-0.04933179217450163,6.581622362136841,0.02718260913765688,-0.05774171049915142,0.03720383767200553,-6.199325248599052,2.161674201488495,-0.0010022593738689815
1999-11-01,-0.0030456605803716435,-0.08675956187096048,9.89464521408081,0.015744401758416095,0.014392875913363783,0.037120363634565605,-5.264007672667503,2.7438119053840637,0.028023981068232288
1999-12-01,-0.005329416582842807,-0.09075506253445402,19.82947438955307,0.02777090885763546,0.02507339996188434,0.019837200803601227,-4.408144578337669,7.242018977801005,-0.059364582986047826
2000-01-01,-0.00550389758773617,-0.06251031176206914,66.94852709770203,0.01555029637843585,0.04261017624121993,0.017910287513033203,-4.521428793668747,10.464973251024883,-0.012341872725176485
2000-02-01,0.047778372060168876,-0.03491015114048694,60.95234751701355,0.02354664435750879,0.021290933407509503,0.007090287121093792,-5.903429165482521,7.417704661687216,-0.05817597043024351
2000-03-01,0.03925718210793876,-0.044756172660817495,9.22277569770813,0.03758883505738039,0.025396780180397316,-0.00961369794348012,-4.999300092458725,5.58784157037735,-0.05427022809035158
2000-04-01,0.02954021565147213,-0.0525142363411315,27.674758434295654,0.03019139110345206,0.020636829422481025,-0.0191287054558811,-6.0629356652498245,3.583327680826187,0.01728511606789615
2000-05-01,0.026903980105490118,-0.10909437340624789,35.08995175361633,0.03248711364517967,-0.06987894537733562,-0.03359541499420353,-8.135252445936203,1.715983326236407,-0.029101490668238028
2000-06-01,0.003788777190696943,-0.07261975490032359,-2.998918294906616,0.028369788134055173,-0.1241934277228455,0.004420300500224466,-6.078106164932251,-2.225792656342189,0.009984267263175691
2000-07-01,-0.02855895593081816,-0.15886081977093475,-4.838383197784424,0.026304069772469914,-0.10883967155840858,0.021134826314190162,-6.30052387714386,-3.6424654225508375,0.02366142372970712
2000-08-01,-0.053260157575140465,-0.05715214746429565,-4.828822985291481,0.027460897033163113,-0.10060369968414307,0.01458918645411082,-4.581139609217644,-2.4367208282152815,0.020129245080768247
2000-09-01,-0.048732530924823735,-0.09815556571838704,13.16448450088501,0.024076267112073283,-0.13260221970615102,0.022654322016498318,-7.001776993274689,0.9783353035648664,-0.008541639026713697
2000-10-01,-0.03413971239974449,-0.11403135796810719,11.014461517333984,0.028157247592219346,-0.05168125255783992,0.010243800833173422,-5.18752820789814,1.2853290885686874,0.016169972105385507
2000-11-01,-0.023683835915127002,-0.134889987554956,31.993916630744934,0.033117672629493604,-0.016095633827038665,0.021117302872564483,-4.6317096799612045,8.559276660283407,-0.01561694765744144
2000-12-01,0.007982937361836643,-0.08192441247879191,44.77461278438568,0.029630445801525667,-0.004579811773971835,0.019442669075468315,-6.404715031385422,8.985950549443563,-0.06259901270474473
2001-01-01,0.027206398129880013,-0.0785324643266962,12.591332197189331,0.0359089582783284,0.00567088014821508,0.009077554163725481,-4.922369867563248,6.226464609305064,-0.06525714001426958
2001-02-01,0.010680006446570836,-0.09836745547487381,72.78584837913513,0.025041457667625208,0.03035626193480705,-0.020213877053364464,-3.3574480563402176,8.742978175481161,-0.016106412529128873
2001-03-01,0.020595626267311457,-0.02918003444024857,0.1860976335592568,0.02574598610990768,0.04203848874391015,0.0017764184461987538,-4.682205989956856,5.249377588431041,-0.024659071781047405
2001-04-01,0.03502995322842698,-0.09907052872028757,66.06808304786682,0.030699499929658803,0.027644773250195515,-0.05805098816104558,-5.510449036955833,6.086865564187368,0.00482466492852936
2001-05-01,0.017764841994413964,-0.10207049707148938,3.1625211238861084,0.03195850031195785,-0.052117406209902975,-0.02214667508783548,-5.242731422185898,-1.508013904094696,-0.024169800828580987
2001-06-01,-0.004683110506397549,-0.12956104697065152,1.8460273742675781,0.027390059566111874,-0.09401529582578744,0.008480911264600962,-4.7871943563222885,-1.4201436191797256,0.012748818589399939
2001-07-01,-0.020630968005194532,-0.13591816767733148,-3.3575117588043213,0.026493492073935573,-0.10965186268536012,0.01330846191748329,-3.227778524160385,-2.4864519635836286,0.007903848277175263
2001-08-01,-0.050300925683516726,-0.10756832012470732,-3.966325521469116,0.025588170149557884,-0.09608602345879398,0.02899754711467287,-2.4531222879886627,-2.262681474288305,0.028940754598134184
2001-09-01,-0.05424228086546585,-0.10247630007723545,0.5711614619940519,0.0258988888411642,-0.12434262837936629,0.03292478459036869,-5.724829062819481,-0.6058626497785251,0.016423282915190476
2001-10-01,-0.02096370237039311,-0.12446047460779232,14.370942115783691,0.02041314293047507,-0.06294668054402763,0.028532259166240696,-5.174001306295395,4.5038675268491115,0.02223098114745258
2001-11-01,-0.006921772382684521,-0.17838549423725047,16.6032612323761,0.02368191029313657,-0.0042643738604748425,0.016822929534575214,-5.203057453036308,3.31900492310524,-0.019285622473857175
2001-12-01,0.010651786212477234,-0.1728317680511069,49.23464357852936,0.03715505917295278,-0.013521544412890477,0.0025043308572924657,-4.481122642755508,8.380212386449179,-0.03569362404411786
2002-01-01,0.0005384158160719838,-0.12744296579918962,74.37476515769958,0.021713851153743354,0.019667578388505906,0.0005066540578137274,-4.45452518761158,9.195924798647564,-0.02975036734587526
2002-02-01,-0.0021620327932434483,-0.13275786124645397,31.372210383415222,0.02830406557098567,0.024885211640329502,-0.022338963640124904,-4.715240001678467,9.75939730803172,-0.029160135923183127
2002-03-01,0.009674229170684214,-0.10977180555779883,64.72598314285278,0.027503051104948675,0.03927142095209947,-0.023815061494647325,-5.309174209833145,8.298937479654949,-0.013659718408160014
2002-04-01,0.031073641526949157,-0.14010417334576872,67.39147305488586,0.022429688632649058,0.010729002863613526,-0.023515496160025184,-5.3476035594940186,2.4798035621643066,-0.044768579202155545
2002-05-01,0.011105091356626759,-0.17167128464008902,7.258045673370361,0.025806299631865762,-0.05873883726881511,-0.024311557290670666,-4.578208550810814,-0.8509927739699682,0.006694851239046005
2002-06-01,-0.0021148720508688814,-0.16812354009202188,-3.536432981491089,0.03258770988356295,-0.09798106195321724,-0.0006588758981746176,-3.2399430871009827,-3.166687736908595,0.002452380929703582
2002-07-01,-0.03259368696725452,-0.14841317179355215,-5.936932936310768,0.028052634606472882,-0.13875485356174297,0.010875748551410179,-3.732152283191681,-4.269697765509288,0.011967607352831592
2002-08-01,-0.03741091423361868,-0.18104544662414715,0.23189187049865723,0.025064827834101893,-0.11361872971947513,0.006647036188160596,-2.3693574592471123,-3.0738959709803266,0.013901929894130523
2002-09-01,-0.046727145937356086,-0.13351965140789113,6.0071345418691635,0.02488027387064138,-0.11081100622219825,-0.007910946328395412,-2.9242152348160744,-0.0031121247351014367,0.007466902343990052
2002-10-01,-0.03684001251846761,-0.16821242393331326,26.590687036514282,0.02456096691086138,-0.08381011325921585,-0.021915030058311382,-5.762404948472977,1.6499559084574382,-0.01706147617469095
2002-11-01,-0.004044340408921659,-0.1659112407806072,45.72068452835083,0.03168315780784586,-0.03777970907403462,-0.03754320959358112,-6.006835773587227,4.359980424245199,-0.03086276454468296
2002-12-01,0.021687319332903084,-0.23458761737701742,22.861328721046448,0.035452859462808364,0.016005444270906163,-0.07509913133538289,-6.136375293135643,7.344885170459747,-0.011035802531732272
2003-01-01,0.03880121439070135,-0.03235611787184756,9.418344497680664,0.020323382529745,0.00821489826845589,-0.07198352771608726,-4.935859143733978,6.3314224282900495,-0.09759863557880873
2003-02-01,0.011085192314707316,-0.08604595477276661,25.14989972114563,0.02411215251191057,0.04056241474489667,-0.05228502432937208,-3.8258474320173264,8.107072611649832,-0.0413107621955545
2003-03-01,0.009710766322962888,-0.05986196722121949,10.678118467330933,0.03081641273854448,0.0211093435758975,-0.04456245056960894,-5.838467553257942,7.462215920289358,-0.045223605551131786
2003-04-01,0.01659516971297823,-0.2261627703271014,40.15786647796631,0.031596842965633753,0.009536595820490993,-0.02880392555633317,-5.298348516225815,7.270185152689616,0.01080014219839279
2003-05-01,0.006319918682785718,-0.16924417082299578,20.938509702682495,0.030733515649176334,-0.07784443893539371,-0.001777233150990113,-4.225199669599533,1.3343391319115958,0.005615921053167892
2003-06-01,-0.013330273356262622,-0.1236122101545334,13.260138034820557,0.03149440351257222,-0.11549106062348209,0.014415682576920677,-5.487105995416641,-2.893112103144328,0.006513726221372003
2003-07-01,-0.015014497289707612,-0.13595210744979536,-6.6359639167785645,0.02682450957757106,-0.10834757739038609,0.02512459359739138,-3.1451374292373657,-3.89227494597435,0.021001418465620852
2003-08-01,-0.06120419846131252,-0.07809448115369107,-4.496431350708008,0.026197336855337774,-0.08735154102097696,0.024642874284282978,-2.6495948433876038,-1.5606477856636047,0.02453510381587564
2003-09-01,-0.036432222834417036,-0.06392788379750354,12.723952531814575,0.027410076971319943,-0.08585837238760137,0.02580333906023399,-3.542245924472809,0.26840846985578537,-0.006033537577684611
2003-10-01,-0.019733697644897276,-0.12555556728484785,19.77243423461914,0.026799446280054054,-0.07688384781132883,0.027623814733132076,-4.470346495509148,2.4359827240308127,-0.023927516622902597
2003-11-01,-0.006493276076300162,-0.1832846631395056,100.03876686096191,0.02024943451229617,-0.031485047135780105,0.02188987098634243,-6.88302144408226,6.071133414904277,0.0019597031546067702
2003-12-01,0.01720910943992488,-0.20650669615319436,63.77081871032715,0.029896630523659345,0.014431100449900128,0.01943811814746131,-6.689558178186417,7.657283047835032,-0.016869075137050184
2004-01-01,0.027431982693138658,-0.05994037665585254,38.52510452270508,0.025511808733609944,0.0011007195519311215,0.01765006221830845,-3.0579671263694763,5.774773160616557,-0.07978771137048121
2004-02-01,0.01992758337434355,-0.10135725457617578,15.60702919960022,0.0201841812956033,0.03407518309888555,-0.0030434002046999726,-3.77698577940464,8.353257179260254,-0.07605634323538166
2004-03-01,0.029463282545338147,-0.07200719035686332,5.142706632614136,0.02838897270907601,0.013260675399605907,-0.023465229185050073,-3.9401352405548096,3.883892546097438,0.010796311017993379
2004-04-01,0.021313096989284862,-0.13756200354150003,18.31381916999817,0.033827911955203946,0.0045908576767168825,-0.03094710733579553,-4.245451837778091,0.3651934675872326,-0.00614167305908791
2004-05-01,0.007656852916612492,-0.14892713503634677,33.53692889213562,0.025398017530389828,-0.07626340905232215,0.0011100247502326965,-5.202828720211983,0.9915354351202648,-0.01021010214335298
2004-06-01,-0.010865198943269002,-0.1091545487337924,-2.623164653778076,0.028649844202420695,-0.1240058065350376,0.001832432235064714,-3.2827042043209076,-2.4524745841821036,0.01675564259903072
2004-07-01,-0.022438433268791313,-0.11193833135543986,-6.78553581237793,0.027570107670353474,-0.09868404091294132,0.016465564055935196,-2.9141442850232124,-3.594154864549637,0.00921443219564549
2004-08-01,-0.04327312190007497,-0.1430821070011626,-1.7181217670440674,0.025171907819646726,-0.10156293413532314,0.020363246110956308,-3.1978122889995575,-2.052958309650421,0.018556177463025264
2004-09-01,-0.04028426939165676,-0.08753874200455686,9.204983711242676,0.027177495573707623,-0.10298474955914624,0.03221155427720236,-4.328794032335281,0.13585123233497143,0.012534493197725245
2004-10-01,-0.017128020225392355,-0.13547124380761005,38.195618987083435,0.021569745065711386,-0.07689889353602679,0.012837666410790838,-6.302042305469513,2.080465853214264,0.003420880498134927
2004-11-01,0.009796967716900619,-0.19601501048879422,7.60759711265564,0.03313422873080206,-0.02942383289337158,0.008536987006664276,-4.625115171074867,4.733053843180339,-0.012616764703025557
2004-12-01,0.01466081712160494,-0.16042027384676832,48.10940623283386,0.02261707693231192,0.0007183439143474645,0.008410657148646273,-4.916805028915405,6.942044198513031,-0.06668947330892902
2005-01-01,0.03370117604524106,-0.11698616311905233,63.22312951087952,0.010737886303941981,0.02311429898463078,0.010693035614879236,-2.9699575155973434,5.697963138421377,-0.07750996681925369
2005-02-01,0.00629973584799083,-0.15191022068896193,30.964910984039307,0.028708356720723697,0.019455930468306612,-0.010892620472156484,-1.8672442063689232,4.461502035458883,-0.004390767163099492
2005-03-01,0.01785829467894314,-0.09758287763341945,13.027584552764893,0.030117977758963334,0.009292464202909327,-0.010702294985885206,-5.373134091496468,6.3856373230616255,-0.03326496696227217
2005-04-01,0.024789031855501496,-0.1334524059549291,25.281941890716553,0.029725508375776758,0.013080521472799244,-0.06518452063850735,-4.614906385540962,5.310136576493582,-0.00471854263482845
2005-05-01,0.019416627897457645,-0.14142925117878205,11.530792713165283,0.03224110512210311,-0.04688055991236843,-0.021021879359107952,-4.242481291294098,0.34554312005639076,-0.00035013582506408434
2005-06-01,-0.00631530261175199,-0.11565304024422424,16.378462314605713,0.03283226782147833,-0.11548843623986885,-0.0022999371361473336,-3.9038237184286118,0.4563022404909134,-0.0008980372014825475
2005-07-01,-0.010784759049440597,-0.12716719127715903,-6.242364272475243,0.02829333526089037,-0.09817284212183595,0.014326925915868387,-2.22517903894186,-3.5591262082258863,0.030066779725355645
2005-08-01,-0.036580303775055424,-0.09939742690705239,-4.958027601242065,0.026993336919829143,-0.10585650356847848,0.023404678896717403,-3.512297198176384,-2.0594224333763123,0.009651288186034111
2005-09-01,-0.04670418330005833,-0.08369904566318431,17.677289247512817,0.025775357276844466,-0.10102273368123751,0.031115203771902168,-3.2960940152406693,0.509028850744168,0.024827842740979912
2005-10-01,-0.0343382137117686,-0.09522807407886424,8.58067274093628,0.025900518320661658,-0.041237220501721794,0.033641287490077644,-5.534103512763977,1.1371417591969173,0.02419770988699508
2005-11-01,-0.012450568195614782,-0.12172336115482006,57.40496516227722,0.025118585247144425,-0.01729709554964037,0.034083443815293525,-6.167696043848991,7.669718563556671,-0.048712722650946005
2005-12-01,0.016432435909559676,-0.08111072188996254,45.710694789886475,0.029563043842748774,0.003601941836080444,0.023781022299890934,-7.799115777015686,9.557673335075378,-0.08440625483859075
2006-01-01,0.022008993591253575,-0.10207644960981735,76.16891264915466,0.03448882602530418,0.02058206209495886,-0.007607569189175316,-5.620834976434708,9.257438778877258,-0.032963374093787315
2006-02-01,0.0006380178346917346,-0.039900177495276676,51.98338031768799,0.01679103262052476,0.027232672741164022,0.01570620037534315,-4.795365035533905,11.81076169013977,-0.014825738098931639
2006-03-01,0.013287943768334556,-0.09244019363788848,79.27860021591187,0.015132429192124083,0.031047247683823997,0.003397225847710734,-3.7385761737823486,5.75066606203715,-0.0032432721800183598
2006-04-01,0.031549019830210225,-0.11966161905451024,47.83557653427124,0.03226043308059946,0.03335768662726701,-0.03619458542822901,-5.153659358620644,4.521342118581137,0.02900407432693325
2006-05-01,0.012373620924259816,-0.14799131040877486,-1.4028668403625488,0.029295534163499053,-0.06702929290372933,-0.01324456671009893,-4.708074405789375,-0.30801696702837944,0.01659251953641029
2006-06-01,0.0025456683332478252,-0.10854235671936198,-4.281878843903542,0.030745755505861998,-0.10162913309994027,-0.00492502236738801,-3.968631476163864,-3.4507453441619873,-0.0009587741846040095
2006-07-01,-0.0207060563762288,-0.1259492353556004,-6.288880109786987,0.029240387806789482,-0.14557808415213627,0.020337931649840397,-3.804938867688179,-3.285618623097738,0.017863624308207263
2006-08-01,-0.028810151885231058,-0.13112138877523707,-7.649946212768555,0.022974515186368134,-0.09254500714700613,0.020241296860267936,-3.477749601006508,-1.6067550828059516,0.019800655339678674
2006-09-01,-0.034383272791242266,-0.11274491218810387,13.951849937438965,0.027259616784269004,-0.0801832206658463,0.01823909904645837,-5.174504593014717,0.24060065237184367,0.0031869903155793884
2006-10-01,-0.027641358010314563,-0.15957948375255504,8.318406343460083,0.025391024570885323,-0.11546895352762136,0.014969478968692863,-4.725515469908714,2.6273426910241446,-0.005637159673114346
2006-11-01,0.0035069394413824685,-0.2552827304982125,37.06235885620117,0.023301276746842504,-0.05467740902260168,0.0004766885515140451,-8.979527652263641,6.244557599226634,-0.0220279553777551
2006-12-01,0.011477139094596977,-0.22479042093804544,15.515926480293274,0.041995299377029754,0.01616099182127127,-0.03127976199207099,-7.468899339437485,4.646060864130656,-0.030912206291335904
2007-01-01,0.0028007516435549396,-0.07459323139900857,42.38627552986145,0.043306903739412914,0.017837886768045708,-0.03171953919303158,-3.58416885137558,5.834137896696727,-0.07457476466485899
2007-02-01,0.012471867152131522,-0.08564348867599,41.95868968963623,0.02808583458121732,0.029663049351813187,-0.014414583211359772,-4.711804911494255,10.906696319580078,-0.03212099154926326
2007-03-01,0.03429118127047599,-0.02574107035043392,11.467573046684265,0.026198949584429216,0.030607174136745394,-0.03642474098697953,-5.709661543369293,5.470118423302969,-0.05373519475329412
2007-04-01,0.02540838937242548,-0.1221018744275925,16.256530582904816,0.037285461753821206,-0.01459040665137234,-0.035996309117130615,-6.615567207336426,3.9031160374482474,0.000946026387917873
2007-05-01,0.02224317758337601,-0.18035923229887132,7.858753204345703,0.03132443580267241,-0.07080852762976689,-0.015381509033234224,-6.60322830080986,-1.8882699310779572,-0.016408064083693778
2007-06-01,0.0005417073575349954,-0.1125151885950819,9.432266652584076,0.029982428783349856,-0.08836638794016481,0.010084163944196443,-5.036531388759613,-3.1923698882261915,0.008555989686961044
2007-07-01,-0.012971333820711483,-0.08663917951127316,-3.493639826774597,0.02922444745040626,-0.0923916085887311,0.021807302558875603,-3.4913506358861923,-4.665137827396393,0.024175485723639187
2007-08-01,-0.023598070223848303,-0.05149153715118449,-2.4204015731811523,0.027595277500452757,-0.12875552942503743,0.02286597438480543,-4.634982720017433,-1.4551752557357154,0.02956064035222955
2007-09-01,-0.03817119746358245,-0.03317824386535807,20.05348950624466,0.025737926819556053,-0.08864325485122737,0.023464443890944774,-2.48419176787138,0.05685890403886636,0.023352194016110408
2007-10-01,-0.034618237010248895,-0.04816815415595441,20.4169362783432,0.02580193950117921,-0.044430942455334445,0.02873281583837841,-7.990496605634689,3.538386772076289,0.019174863979832767
2007-11-01,-0.005977606023108209,-0.09712997744692134,33.774709701538086,0.028523556191286596,-0.0003202000168958373,0.02481098570253538,-6.16002194583416,2.977020045121511,-0.03771544880654714
2007-12-01,0.002598368491117771,-0.09880149935154205,50.46764016151428,0.04062680862575984,0.00784239425921618,0.010389298119622728,-5.283435061573982,11.93298896153768,-0.02286371660150894
2008-01-01,0.004837027640192659,-0.09754244634445677,106.85632228851318,0.02544032704594324,0.02366696665091301,0.01656616455875337,-3.67213673889637,11.62082850933075,-0.0053199148443463734
2008-02-01,0.011711943914162946,-0.050241119684057034,57.44709372520447,0.021708687003567925,0.027080177704789744,-0.006399587930544563,-4.505831748247147,10.814716418584188,-0.05474489641516176
2008-03-01,0.028219118297516884,-0.0654153565460063,39.62337374687195,0.029127227423860015,0.02589167665634582,-0.00494904897135237,-5.029909685254097,6.88965767621994,-0.048528254440386005
2008-04-01,0.021922021088275043,-0.09977051076736856,50.03722906112671,0.023331690375297833,0.008104920192663349,-0.02783600524391817,-5.592350661754608,6.858064730962118,0.015644773789872862
2008-05-01,0.01784129120357387,-0.08928313692833516,35.369884967803955,0.035894841706152446,-0.05617007724384763,-0.04014516573237337,-6.070524081587791,1.6747447351614635,-0.030022022658831454
2008-06-01,0.008258652235088232,-0.0996984065847194,3.6668241024017334,0.028702624061768007,-0.10726524155531356,0.0011883522181407266,-5.007810518145561,-2.069679026802381,0.0038342633322901924
2008-07-01,-0.0017429669420202297,-0.06653717223634112,-5.741351842880249,0.02585799372989497,-0.14844434474831195,0.016756555642527732,-5.083444342017174,-4.380017518997192,0.025550617951236358
2008-08-01,-0.022759875347772678,-0.10096268292437209,-6.002563238143921,0.030587994821852062,-0.12844241599538433,0.012311622014512188,-5.20666167140007,-2.306433270374934,0.0236891337657628
2008-09-01,-0.02224614674394781,-0.1149540568919892,4.067355394363403,0.03126716951457717,-0.11307314705492845,0.0261800234084544,-4.077490791678429,-0.5820244550704956,0.007956074423169437
2008-10-01,-0.01338372866694744,-0.1212123860704138,11.773264408111572,0.02749117841716293,-0.09814520825201005,0.03378280317005904,-7.280422002077103,1.8322382122278214,0.014966682926432728
2008-11-01,0.003260877504423782,-0.17607061469808538,15.273576974868774,0.03164247911182239,-0.008719490924433096,0.016822998371461166,-5.666011944413185,7.1200097600619,-0.017458000156569155
2008-12-01,0.0021556991484615352,-0.10899865722402614,123.06485176086426,0.01656897725657185,0.02405499733650862,0.02486034620391286,-5.225168168544769,10.5708509683609,-0.0685484237866859
2009-01-01,0.016748103462941165,-0.05788950526967962,40.57706296443939,0.03513743390711092,0.015393675152045577,0.009893517455329067,-6.347451359033585,10.055976112683615,-0.05929439953745228
2009-02-01,0.019686846909197895,-0.09804864196067162,79.41849827766418,0.020591856027357015,0.04739041315085852,-8.588332844817121e-05,-5.0909679383039474,7.519840200742086,0.04704821191421927
2009-03-01,0.01039959399120791,-0.09340799235283061,74.43552613258362,0.023846324740929143,0.05057977873887588,-0.024434020337851154,-3.600643202662468,7.325880726178488,0.01999734301273137
2009-04-01,0.018325481576832024,-0.09711825467170554,30.606502294540405,0.026195042049713273,0.033634912167022475,-0.021189420443514122,-4.3701548129320145,5.907203257083893,0.00637783094832342
2009-05-01,0.013996767192766383,-0.1062747487362395,8.542317152023315,0.025199335604477274,-0.05186083935089965,-0.0044865630891012115,-4.219689592719078,-0.288341132303079,-0.01788311829305675
2009-06-01,-0.008294497733818485,-0.13950888780837364,14.22991156578064,0.03054473455325305,-0.10344622962510407,-0.011477607261875402,-5.382447317242622,-1.9424155354499817,-0.035251483117064386
2009-07-01,-0.014512749043638473,-0.15939470935375133,-7.189524173736572,0.027597080514156564,-0.10079382293259918,-0.014380999719319137,-2.632504142820835,-3.3080341915289564,0.015378743410110474
2009-08-01,-0.04388372498479757,-0.13239120549344002,0.6027102936059237,0.02505866368468717,-0.13230814417796347,0.018785945205467138,-3.8499880582094193,-2.162298808495204,0.01410450403616853
2009-09-01,-0.03331143773727484,-0.10412700791308221,5.7284533977508545,0.025987469678302465,-0.09450595547903828,0.019263945034016735,-2.3526936769485474,-0.1080078926558296,0.01285163532585314
2009-10-01,-0.029433862887440133,-0.13113119342225665,36.6348922252655,0.03289864432039879,-0.11061614573891483,0.011964359766115314,-5.199843272566795,4.862210154533386,-0.02948737971178473
2009-11-01,-0.010199945377693935,-0.17946668444795813,26.166951656341553,0.03227059186684142,-0.021672315561949314,0.02070115717208904,-4.625455290079117,3.9937588075796766,0.03658736966652413
2009-12-01,0.007945845730706946,-0.1865189126197328,42.875123023986816,0.02868475338859524,-0.002068229221196762,-0.03965005440556485,-5.03574050962925,8.335793018341064,-0.06278831358641794
2010-01-01,0.029193038133891312,-0.09473202393410055,10.891705751419067,0.019887959326637523,-0.0003527854908077018,-0.1012568742684696,-3.3258676528930664,5.716014901796977,-0.05811556459289708
2010-02-01,0.007995291958217854,-0.051186269426599464,2.909529209136963,0.027413746650270424,-0.016939213304822124,-0.07434029294096905,-3.772991895675659,5.424456298351288,-0.027693930554063353
2010-03-01,0.019368628313491395,-0.06797295460041533,12.822115421295166,0.02762382856751089,0.01539668874509299,-0.09694100074146106,-4.644056782126427,5.914183457692465,0.03222295988912452
2010-04-01,0.026327042052379023,-0.11902126543065336,77.92698740959167,0.02452780428952236,-0.003725638849410548,-0.11242499170096025,-6.97106271982193,2.810316284497579,0.022911415626741437
2010-05-01,0.022295633838935333,-0.17384778946004018,49.160367250442505,0.03748714200241103,-0.035852096530038916,-0.029791024230096653,-4.366535320878029,1.862746849656105,-0.02313851544710055
2010-06-01,0.004459547316101933,-0.12858651895472345,8.771809935569763,0.032790944569831275,-0.1041581826423531,0.011587739294475836,-5.406014993786812,-1.0321286817391715,0.0070025053589719615
2010-07-01,-0.01107322416834898,-0.08299196178608753,-6.60434365272522,0.030459242490984556,-0.11209729892104418,0.01905255950987339,-5.729733780026436,-3.341153512398402,0.014674331839770488
2010-08-01,-0.0381798053590151,-0.04853305426683832,-0.3512382274493575,0.032968584635703686,-0.1357583190078166,0.03053769307292026,-5.077306553721428,-0.30559056128064793,0.02455463862582429
2010-09-01,-0.042965418131618235,-0.03317844994524692,7.682254910469055,0.02867701336098232,-0.11726848002689987,0.028718070167562237,-5.226093158125877,0.4069033699731032,0.03148986868662377
2010-10-01,-0.016112103928010782,-0.05585881782338974,15.936821699142456,0.027554006510072476,-0.011737020547265437,0.03460219696812008,-5.310465022921562,2.3631115754445395,0.014285444703004132
2010-11-01,0.0005010346120054072,-0.06951845072685404,62.96929121017456,0.027087951253215187,-0.015239106185400662,0.01977316144367923,-5.887734889984131,8.534427483876547,-0.03129605663149324
2010-12-01,0.018071740136279928,-0.08538162454645686,83.51293802261353,0.0014520632170087143,0.02285915135002848,0.019287503445925922,-7.374802231788635,8.76956582069397,-0.02285481928146049
2011-01-01,0.012483917399785006,-0.0432805930997463,15.843090415000916,0.026965852853634377,0.02080967177206011,0.009401558250512766,-5.229602754116058,9.266917904218039,-0.08712843672869956
2011-02-01,0.02162968870122116,-0.057386428593321055,94.50796842575073,0.01653835525830015,0.043374803195248786,0.012480649773193443,-2.641761489212513,11.08223597208659,-0.06368773644917632
2011-03-01,0.030130409095045572,-0.13890098384086122,68.70278120040894,0.025132378201476107,0.031298841002272135,-0.01905027594741272,-4.645739495754242,7.342046995957693,-0.00010151685174069789
2011-04-01,0.0302365837761989,-0.07177575471553398,70.70553302764893,0.021153231060949806,0.017922520359505468,-0.03534356962241557,-8.073887974023819,7.719782491525015,-0.020685522778801722
2011-05-01,0.017149503492600436,-0.1414322631156191,34.056249260902405,0.029610761729397365,-0.056928240541201915,-0.04035748490739776,-5.190186947584152,4.610003034273784,0.013268158503182947
2011-06-01,0.0012014854139277152,-0.07162502312913854,13.859555125236511,0.031620537419970944,-0.10586880258659817,-0.010504131610302822,-4.279075935482979,-0.20715758825341862,-0.002200454983809223
2011-07-01,-0.001047394023491786,-0.1543556756161629,-5.7182516902685165,0.028646165143242846,-0.14344276999359698,0.006678708545539691,-3.667706623673439,-2.451184391975403,0.02694561924428156
2011-08-01,-0.024268316378543427,-0.12949110662683527,-7.171306014060974,0.028825781087009172,-0.08769234948193849,0.03300174422886061,-3.351283445954323,-1.643161103129387,0.016122757878205548
2011-09-01,-0.0239187877599176,-0.040253077415709805,-1.182258129119873,0.02872602638902424,-0.09094346036661916,0.03260189262421235,-4.3958887457847595,-0.6248501439889272,0.01889514315822353
2011-10-01,-0.02355273826034753,-0.08373554558195967,14.45922702550888,0.0246972897552329,-0.06617671851791553,0.0465987217815026,-5.417478084564209,2.6636073986689253,0.0059247214653312345
2011-11-01,-0.0020257321062621537,-0.17693732330139647,66.46169424057007,0.02489981623433477,-0.009503971034688736,0.008384587000245634,-5.688751116394997,8.933762709299724,0.025349819701011866
2011-12-01,-0.007963657274946467,-0.09226191868173315,17.645955085754395,0.039683776847321356,0.020578272863110498,-0.012969597769172296,-5.327167734503746,8.402317762374878,-0.03227210820537724
2012-01-01,0.027295536771937686,-0.0416234571565973,52.84091830253601,0.026479218047943048,0.012698355339356322,0.009685175103621315,-7.369118183851242,8.450808127721151,-0.0926478676599999
2012-02-01,0.013083107834616742,-0.032035255447981206,62.36588954925537,0.02937986106752492,0.0002527708507407067,-0.010452203290617985,-6.0424067080020905,7.22064475218455,-0.05002379009168442
2012-03-01,0.021132884117273185,-0.05433302214171024,42.478764057159424,0.02084743874750549,0.03691750453479254,-0.011139701565970547,-4.718385264277458,5.125805238882701,0.036073988941434314
2012-04-01,0.02108102768555388,-0.07664092836227823,22.612154483795166,0.021782032006400096,0.011268805768062818,-0.03220227911420491,-4.75897416472435,2.7596828838189444,0.00403000182178739
2012-05-01,0.008999795269895137,-0.05339670609286491,9.516853094100952,0.03231038480139465,-0.0652950868677737,-0.027160310874814575,-5.872534215450287,-1.123315468430519,-0.006815394361133445
2012-06-01,0.0011614484751557971,-0.06437806531469872,-6.631690263748169,0.03186840389808305,-0.0977949308815287,-0.021007365506628288,-4.17453795671463,-1.2357120712598166,0.009814265809238774
2012-07-01,0.004579363410341573,-0.09399016011268535,-5.429273471236229,0.029395713651780606,-0.11968535941038558,-0.0014998731405838678,-4.374774917960167,-3.4341129163901014,0.0201050243149065
2012-08-01,-0.025438384472073375,-0.11605929504049586,-4.887568950653076,0.026861711559321384,-0.13328665005626963,0.022116660990792774,-3.519473597407341,-2.6911569138367972,0.02231462156935914
2012-09-01,-0.014423182351397468,-0.12473151721852892,-0.14354586601257324,0.027083216918458185,-0.08711517413160694,0.019913716646640198,-2.478629909455776,-0.6540145725011826,0.002758704725499839
2012-10-01,-0.009079976984254131,-0.12512580352894803,33.433935046195984,0.02511600970471506,-0.0670934290583454,0.024446564848008365,-5.1370542496442795,3.9798053602377577,-0.04110781042134925
2012-11-01,-0.005106551090737323,-0.17423333322748225,11.474376916885376,0.0223273960806483,-0.012543829463755906,0.023743661687425945,-6.698369234800339,3.778523951768875,0.00021841077210560237
2012-12-01,0.003661327975821662,-0.184126134882582,54.0884792804718,0.02627393847210802,0.010448703264344984,0.014397783771805143,-5.5283986032009125,10.118404030799866,-0.02895656666935307
2013-01-01,-0.012179351512707406,-0.07476637021024177,26.555946469306946,0.029308322093469636,0.016871154475123135,0.014946336007636528,-2.2954780608415604,7.8572094440460205,-0.05450975405026789
2013-02-01,-0.01121587152560274,-0.08411775244043229,13.976341485977173,0.04460183943775918,0.04664109602792939,-0.004619075714246087,-3.7643663585186005,7.4048807223637905,-0.0021325154804101546
2013-03-01,0.020932926229767865,-0.06214736544705452,21.31597101688385,0.019037757502707968,0.023307865346545602,-0.008644042131693468,-4.495697095990181,7.763695220152537,-0.020512059484034367
2013-04-01,0.019871095078183222,-0.06191443176345623,24.379339814186096,0.03193952411198788,-0.0038268565853585056,-0.024146399278517652,-4.745606705546379,2.6276352504889173,-0.06054232075606307
2013-05-01,0.010809955558368377,-0.11302767757405627,6.277608871459961,0.028137324659301223,-0.0791757075644251,-0.0014361787749373395,-6.9862306118011475,1.0205261409282684,-0.0025475978187910497
2013-06-01,-0.008023744514146886,-0.1295085758604902,2.2028863430023193,0.02970300253025062,-0.12627519778351284,0.027088928643776024,-1.7372412607073784,-2.127262204885483,0.0005751861377351293
2013-07-01,-0.025317148416192384,-0.10702709885353738,-6.987220048904419,0.02778141136220891,-0.08679954196090128,0.02531685218538927,-3.4966304898262024,-3.6096384127934775,0.007351695827833594
2013-08-01,-0.06326412378282814,-0.06845090141955842,-3.366875648498535,0.025948868032625257,-0.1205016316762611,0.03565898327075917,-3.558409959077835,-2.7198726932207746,0.015433008897386186
2013-09-01,-0.029395129922386652,-0.058719281979063724,3.8371741771698,0.028491914674318095,-0.09929941438916903,0.021934190198131233,-3.6481648683547974,0.7627759128808975,0.031210206551094577
2013-10-01,-0.01226988270181928,-0.10432738097424203,27.853113412857056,0.025826068796056638,-0.09060534857102294,0.024584260485742405,-4.289129003882408,0.4940140061080456,-0.011844429098171731
2013-11-01,0.0018685154121864092,-0.16099864498097846,41.78851842880249,0.027568035310120892,-0.02429192301942341,0.01835532648407895,-5.2091628313064575,2.9911321898301444,0.0009710623799784951
2013-12-01,0.0034551136195659637,-0.11136064187009284,45.533448457717896,0.03456186248565749,0.006399802001776979,0.016760920255404453,-6.123154237866402,7.911236584186554,-0.06195742585887648
2014-01-01,0.0029795138829654746,-0.09576713943735082,41.234394907951355,0.01847406835864774,0.02302657117816939,0.030259301319070488,-5.118442699313164,10.794306794802349,-0.06756971858135642
2014-02-01,0.012260688455788406,-0.13594717738476206,72.4364161491394,0.009851871190673048,0.021022427549113088,0.023687575012445453,-4.747097939252853,13.519339760144552,-0.04774398387294926
2014-03-01,0.013498087670862467,-0.11608732983152918,43.88667345046997,0.02464622379742938,0.02762402838735438,-0.024814136002374733,-5.373679473996162,8.051690459251404,-0.0016330189569151565
2014-04-01,0.019764263912305968,-0.15727124632673062,23.88460636138916,0.030097683972055967,0.007219948291556159,-0.08783894712510316,-5.937166512012482,6.864950557549795,0.01090361213643257
2014-05-01,0.015421628209573407,-0.12114188296997802,5.081456899642944,0.029116294098843774,-0.09116890159115862,-0.03599066044325414,-7.14716911315918,1.5007504572470984,-0.032268819233326064
2014-06-01,0.0008626241836097691,-0.17333710764316804,15.462005138397217,0.025622206304570756,-0.11469748482775331,-0.041069286349027054,-5.634240806102753,-1.7032675445079803,0.016379189256527652
2014-07-01,-0.03809101677701607,-0.19431829135468667,-4.863512888550758,0.026601065191433584,-0.10190113489307574,0.0020954255824503693,-3.4060847014188766,-3.02951584259669,0.012956687236485416
2014-08-01,-0.04826897716188765,-0.12221226983882012,-5.135208368301392,0.0232370034289017,-0.11788158496813987,0.020728147507685684,-4.384782165288925,-1.2587492664655051,0.007307880928050982
2014-09-01,-0.047614110203889705,-0.17249200572358803,3.1278252601623535,0.025876188020912006,-0.12253369413205047,0.01803367256956256,-4.285581409931183,-1.111817980806033,0.009317511105782366
2014-10-01,-0.024159830568319225,-0.14128161871686895,20.011848211288452,0.024113524035155345,-0.08876622279188526,0.019491756253916286,-5.671935528516769,2.4974053104718528,0.01727763359269051
2014-11-01,-0.008903251687338302,-0.16121111334638394,62.38362193107605,0.02915984515449126,-0.05201699573602249,0.0289401322927164,-6.966344267129898,9.345550338427227,-0.009788798602068261
2014-12-01,0.015362687539179009,-0.1557679886513568,28.740650415420532,0.023895683664855342,0.0003235644196966357,0.0025721607000931453,-4.763311147689819,9.217151999473572,-0.01037881377931327
2015-01-01,0.008964738841136018,-0.10020658373832703,4.182494059205055,0.023117351928632037,0.005138211939205874,0.012396729308301989,-5.382351949810982,5.295048157374064,-0.08666310204218512
2015-02-01,0.016902229533745695,-0.1132066421052243,4.66068722307682,0.009009588958708932,0.008285933855309414,0.001763635841400727,-4.80332151055336,7.358217239379883,-0.08702673120041417
2015-03-01,0.001352139377406427,-0.11158768642455974,33.988213539123535,0.022332648002951268,0.008868297506401788,-0.027966980376969215,-3.2007653266191483,1.7934657633304596,-0.004931557477030852
2015-04-01,0.004115515922593487,-0.21513453189362872,40.09191393852234,0.0231889559780147,0.004463259881334518,-0.08052643874417181,-5.860899016261101,3.2662016650040946,0.010290497607768399
2015-05-01,-0.005112167030989707,-0.20535778492055043,-3.3963769674301147,0.017287109965096706,-0.06444325197988482,-0.08923121444557025,-4.782349616289139,2.3437942067782087,0.01678551126220455
2015-06-01,-0.00939066749769491,-0.15048565382653095,2.4546921253204346,0.0200827592203273,-0.09387173314592731,-0.08695249972136125,-4.9327269196510315,-2.424482007821401,0.0031865791940729913
2015-07-01,-0.03078354854735878,-0.15880349785723585,-5.552747845649719,0.017491133092976303,-0.10394333903469256,-0.09655380054660466,-5.136784538626671,-2.5142175455888114,0.009814908804550562
2015-08-01,-0.037924836591615545,-0.15627286852674283,-5.313652753829956,0.012765219435095789,-0.09922925660859293,-0.05483916920164358,-3.66915725171566,-1.138663043578466,0.01965338900072934
2015-09-01,-0.04743450431973784,-0.15116860257818346,6.009542942047119,0.013004854763690517,-0.12018608290757705,-0.054975171451983246,-2.944716066122055,0.19600878780086836,0.021298543537316257
2015-10-01,-0.03544937207044421,-0.15118136367899307,1.5840232372283936,0.023553491295348828,-0.11212230840725684,-0.07177466121704683,-5.189447104930878,1.2863705555597942,0.0008865712491208561
2015-11-01,-0.011667480588063495,-0.1310614512321797,47.03921377658844,0.03350582007291935,-0.06059424868270532,-0.04214736754479616,-5.908135324716568,6.341717640558879,0.003422501382150062
2015-12-01,0.006994115143128626,-0.12178721421576562,71.01190090179443,0.028990639253057168,0.0011226851249864296,-0.14466185284697491,-5.138157308101654,8.651462197303772,-0.023501698080807515
2016-01-01,0.023445980362854637,-0.0710738149095089,23.886141180992126,0.018408261038523784,0.016635507623206324,-0.10274983618570412,-3.6517109721899033,8.144318064053854,-0.04571237894770217
2016-02-01,0.010055039318968784,-0.013198771890490613,30.005431175231934,0.023535318277347433,0.025239208740974538,-0.13433492297063704,-4.423278197646141,6.608572105566661,-0.06367498370882584
2016-03-01,0.018884408307242227,-0.032353153491907934,48.26575517654419,0.01836794900888805,0.007976951605793255,-0.06803224916043489,-3.707044944167137,8.092341323693594,-0.02306655865826019
2016-04-01,0.024225557600701608,-0.10834173002141588,20.107704401016235,0.0313262451815305,-0.002428524043244212,-0.07075314936430559,-3.902142494916916,3.1763995687166853,-0.011857121876657826
2016-05-01,0.01563840135410949,-0.14709089981748705,13.661885261535645,0.03099595632055681,-0.06296150386333466,-0.016713546103109485,-5.067135393619537,2.617896099885305,-0.010298300304845588
2016-06-01,-0.012759907965685104,-0.12779325405333905,-3.712141513824463,0.02433503408440583,-0.11364167083555192,0.007639621262964995,-4.812289401888847,-2.357887476682663,0.037622352271047356
2016-07-01,-0.023639302414197188,-0.08925113906251624,-9.025698900222778,0.024112295895386087,-0.11650596314401768,0.01745455351698658,-3.8222528994083405,-2.814991523822149,0.02476819982267406
2016-08-01,-0.03623158403939301,-0.049355911447646776,-9.572744369506836,0.021842065126561432,-0.07436923237878884,0.022872877509697624,-2.2705337032675743,-3.8561711708704633,0.005687835103232567
2016-09-01,-0.05141496267560479,-0.04413342301515823,11.380404233932495,0.02484622900541738,-0.09271738800539898,0.021764457468753277,-4.68871183693409,0.2787474853297075,0.021978600384437875
2016-10-01,-0.05082526065936716,-0.0709640456640974,50.69565773010254,0.02322374782759509,-0.07470406369486851,0.036329771189585976,-4.373186454176903,4.187951485315959,0.0384245195413289
2016-11-01,-0.032639994539997795,-0.10534287925730361,35.06879210472107,0.028133608749230134,-0.03789993308818162,0.026167837659949844,-3.7137754261493683,5.180941522121429,0.03322144230342891
2016-12-01,0.0016726950717555894,-0.14898692990871187,126.88778638839722,0.025745906712983154,0.001567398517656682,0.015372087693084843,-6.429111957550049,9.631024797757467,-0.010857923747333763
2017-01-01,0.014795276167040522,-0.08670992039619609,93.51339340209961,0.02562346694012769,0.04104270752686173,0.009324870112797489,-2.9083920642733574,8.8571568330129,-0.049162732615862806
2017-02-01,0.02933215428065587,-0.02791196345648867,112.69159317016602,0.013337042031930292,0.043553731112337825,0.013768950214042612,-2.8555164113640785,8.795761068662008,-0.046473261836456926
2017-03-01,0.034921557701134184,-0.033980358312738705,21.367445588111877,0.025896705258235658,0.027869430495731866,0.00133212817751843,-6.46207258105278,5.5598969260851545,-0.06132473888462537
2017-04-01,0.031438243243244145,-0.03422208605928624,46.07647657394409,0.026795919314562846,0.018599786475968005,-0.03968240774196127,-5.503962188959122,5.215526123841604,-0.017163427929355674
2017-05-01,0.015970337745193002,-0.09939003180950247,12.19295859336853,0.03132790179668571,-0.0737119132458274,-0.02936831007347159,-5.565236508846283,1.7858713865280151,-0.008343973464957655
2017-06-01,-0.011527183558466238,-0.09885210781655414,3.929382562637329,0.030770789322664412,-0.09705667842679948,0.004978523458070729,-5.021471902728081,-1.411263644695282,-0.004013893449653501
2017-07-01,-0.016507305126715374,-0.11276282528613477,-7.189476490020752,0.02539439542259244,-0.11953036509343047,0.005318845379287783,-5.339346081018448,-4.384147624174754,0.019866137522948933
2017-08-01,-0.050102725260324416,-0.09765617866465387,-3.8358449935913086,0.026474548034745155,-0.09967102043664276,0.02092477723794139,-4.880599677562714,-3.054104248682658,0.016219043874577302
2017-09-01,-0.05031936912686675,-0.059189227350214695,15.43630063533783,0.029474899521191346,-0.10163092346333745,0.02924560042827026,-5.328342318534851,-0.37337901691595715,-0.002737229128610598
2017-10-01,-0.0317141996579362,-0.09458802957484064,38.59718441963196,0.023133198482741556,-0.07495262395979753,0.032218971654124885,-6.08784444630146,2.201462537050247,0.023688633658298076
2017-11-01,-0.023491645453276335,-0.06798027836261912,63.690185546875,0.012804744865664904,-0.00757452225618398,0.027219808619955314,-5.00037856400013,5.931717654069265,0.025811446958208736
2017-12-01,-0.0017165838109029757,-0.053165765835883776,45.52094042301178,0.02693186694983956,-0.0016227348902221046,0.02859222014313159,-5.493530631065369,8.209074536959331,-0.02080902253111748
2018-01-01,0.004254954287430624,-0.07299715851215606,31.990551948547363,0.022275465131877996,0.010725708483760036,0.019902929501689,-7.340121269226074,6.93079431851705,-0.05157836904264476
2018-02-01,-0.002256071624847559,-0.06436198712029356,104.6762228012085,0.01735301988145752,0.02433095794560304,0.001417027543420377,-3.522941470146179,7.523686687151591,-0.04026143722338219
2018-03-01,0.009018888736104631,-0.10142120275091618,61.87171936035156,0.003637368757304528,0.04593343543472574,0.007239388625906862,-5.653305724263191,8.127080400784811,-0.0018204868554252468
2018-04-01,-0.00490902603923024,-0.13531568519612577,60.45888662338257,0.022751758906909888,0.003431365241421692,0.005864206418071105,-6.181224808096886,4.70454345146815,0.004010006772634918
2018-05-01,-0.019190585488206024,-0.1537361043564817,-0.09298622026108205,0.02765947979667204,-0.06159138657263855,0.003953956715438677,-5.29232919216156,-1.3574529439210892,0.020200118728696485
2018-06-01,-0.012873810344746897,-0.19872760836114275,-0.7729619741439819,0.026536863565230544,-0.13231845266783415,-0.005301071087951246,-4.704393073916435,-1.3879050811131797,0.0002196639511504606
2018-07-01,-0.0359883544953553,-0.1591568614574189,-6.103217601776123,0.02067994004745278,-0.07956542853099197,0.022628677037099136,-3.815101459622383,-3.6412157118320465,0.022666845215510018
2018-08-01,-0.04125447891704686,-0.13946228204889502,-1.3547182083129883,0.018002893507695027,-0.1064215133439249,0.027754957909169407,-4.765882715582848,-2.8334947923819227,0.02982691950993995
2018-09-01,-0.049290645841535155,-0.09101228194033846,1.9884971901774406,0.018014756480245284,-0.08667464465347688,0.01326871064046155,-4.606296494603157,-0.2316035640736421,0.014000807008514665
2018-10-01,-0.037921797744669285,-0.16504792456931258,15.312248468399048,0.025591053229441746,-0.0840875528641601,0.027054512326646112,-4.286883771419525,1.4946728944778442,-0.0064828273623365245
2018-11-01,-0.006331283911750033,-0.2032187232311736,38.04611563682556,0.030442526925810807,-0.0412017246013257,0.006162719133578282,-6.21369406580925,7.891844709714254,-0.018287834086238523
2018-12-01,-0.00911402561656245,-0.20091481348301504,18.995454907417297,0.03463808889333293,0.020042969497726923,-0.012245769410029703,-4.81330119073391,9.450484315554302,-0.004101660077090133
2019-01-01,-0.005739091381013811,-0.08788815045610388,45.59540152549744,0.02244006383413677,0.019210369896088073,-0.0065609731751939526,-4.498828202486038,7.658169666926066,-0.04612430419823895
2019-02-01,-0.007256325594820343,-0.12417408697148588,96.11172676086426,0.010840561833038337,0.042301836187270146,-0.027615214171616928,-4.037559777498245,8.745378255844116,0.020886901510904915
2019-03-01,0.029828918485583125,-0.12221719197770384,63.00160884857178,0.022074060929979353,0.0414483554994882,-0.05616602366385253,-3.433525562286377,3.5226645569006605,0.0038179785829700837
2019-04-01,0.016983355545289035,-0.08328957285018677,25.9423166513443,0.03257672094719873,0.015419934278548653,-0.050142540231994964,-4.256463795900345,5.198315779368083,-0.01839616859000023
2019-05-01,0.009924192730519739,-0.1824311119444827,23.48971515893936,0.027334389926718296,-0.06246720788194172,-0.06593431467595308,-5.240410193800926,0.7182513053218524,-0.020480356242966978
2019-06-01,0.002181444274769588,-0.14693979570206175,3.630906343460083,0.02447180248957744,-0.07852694547888057,-0.025918228632729988,-5.796597898006439,-1.3911187648773193,-0.024728941386693144
2019-07-01,-0.02711439843882214,-0.14931805273319812,-5.872922763228416,0.024598801387942956,-0.11824570707420803,0.014572849335229916,-5.010059475898743,-2.14640349149704,0.003237119391050241
2019-08-01,-0.03695482309985828,-0.1163069079531,-2.3594141006469727,0.026502575484111158,-0.09971519014728603,0.023999001992785415,-3.3547669649124146,-2.6867461701234183,-0.00867133398782717
2019-09-01,-0.06400136264054092,-0.08405787830657148,16.934654116630554,0.021240689034620636,-0.11582575849632717,0.028404162224868072,-2.9851779341697693,-0.05740616858626406,0.01625750749690892
2019-10-01,-0.03158657557585023,-0.08982246384975759,34.2924565076828,0.02752393752122097,-0.0817350320406814,0.021782551446686622,-7.680013030767441,4.549059271812439,-0.006366804982089017
2019-11-01,-0.01297347846773121,-0.15403626764074285,15.897947549819946,0.0260641188662258,-0.028852804272032493,0.025445904744708023,-6.540063768625259,5.594015121459961,-0.021143075180788562
2019-12-01,0.00011224976994774559,-0.16955275167810158,20.45220136642456,0.018911885781039438,-0.016668248476821985,0.011580396119667137,-5.197112262248993,7.605588436126709,-0.004822600390506934
2020-01-01,-0.0027991414486945093,-0.18948018550872803,65.24035334587097,0.030594013577742545,0.019991610532821114,-0.0012397992870082028,-3.860611841082573,9.174724419911703,-0.033900111097179046
2020-02-01,-0.00978503815855805,-0.10921111766328204,37.662473320961,0.027469142253021543,0.020946742994571797,-0.03435451537370682,-4.9024127423763275,11.585604151089987,-0.016867681980541307
2020-03-01,0.008632506445779668,-0.13269812978328543,67.89978742599487,0.022103648177153774,0.03617819843452368,-0.015169030622295713,-3.228548541665077,8.345070481300354,0.0032956141034421855
2020-04-01,0.011758521603016587,-0.10873372567460893,22.16600775718689,0.029780345854999352,0.0076223269049356225,-0.016967900997848992,-3.565031662583351,6.192308167616527,-0.03633119472085613
2020-05-01,0.007485057930690008,-0.1924983840039436,9.86086130142212,0.0286074576349996,-0.08128918707370758,-7.720907097277434e-05,-5.004644021391869,-0.30236998572945595,0.006180559603931153
2020-06-01,-0.020491865209557793,-0.1010259732286981,3.2924890518188477,0.032765339229175516,-0.1096855126210113,0.018719032143607088,-4.812770336866379,-1.3769056648015976,-0.010450977883110307
2020-07-01,-0.015380717748841206,-0.09311993229896465,-9.320813417434692,0.027109204168371162,-0.0932740520185499,0.01859457009350476,-4.451657459139824,-3.048291802406311,0.026245762224066747
2020-08-01,-0.052884016576763636,-0.0795259675446977,-9.320813417434692,0.025268682285392887,-0.11636853885294786,0.03818200820166132,-2.458801493048668,-3.470751891533534,0.022518588867906024
2020-09-01,-0.03512536494673549,-0.08945456369126097,2.9252348467707634,0.025151755741174273,-0.06500787810603184,0.029381504687278168,-3.4435953944921494,0.3138441282014052,0.005942632201803874
2020-10-01,-0.030028821991665382,-0.06076913089194197,27.64950394630432,0.02374368713056441,-0.05233879965632709,0.04711493363846904,-5.970891937613487,4.134170711040497,-0.01748345588168053
2020-11-01,-0.024014150958273795,-0.09299984320681147,72.70365357398987,0.031238727995174395,-0.02916911755924794,0.028977183544117473,-4.223074018955231,5.629836022853851,0.01732425330436393
2020-12-01,0.0020014122128486633,-0.05735162487055393,31.233403086662292,0.034680961222528554,0.010193108038893386,0.012983291652863441,-6.5787456929683685,7.286430895328522,-0.05608015272715321
2021-01-01,0.015158235531795275,-0.10215550502564046,32.92149305343628,0.03398389039601354,-0.004539643970332039,-0.00378555678964957,-6.728028506040573,10.417811075846355,-0.05422175849137241
2021-02-01,0.003177428722277388,-0.06393475973225655,47.78189659118652,0.023007787187858453,0.0355513043590446,0.0010862954608772113,-3.9271142333745956,11.9204580783844,-0.0469197251208841
2021-03-01,0.011271719293265077,-0.0805238777018608,30.70368766784668,0.02578956932633472,0.038317843938051765,-0.022484767858100975,-4.379818961024284,7.0429012179374695,0.018576443297405765
2021-04-01,0.0227627956627549,-0.10412202236500193,37.87617087364197,0.021004372296466244,-0.0006545823303732409,-0.03777914397094561,-6.124097108840942,3.3956865469614668,0.009827426800580874
2021-05-01,0.01636632568352706,-0.10893497061222158,0.6707251071929932,0.03261602476989623,-0.04900430899057815,-0.020073793990456543,-4.578123986721039,-1.9875230888525646,-0.010731883908379569
2021-06-01,-0.006205017411417061,-0.10324398729395359,-1.7539799213409424,0.026664676533328546,-0.12103393673896788,-0.0063088135388882265,-4.819316789507866,-3.6824146906534834,0.010436006553777277
2021-07-01,-0.016066676552791696,-0.14277395415813365,-4.9155354499816895,0.023307377244714354,-0.11685624051449903,0.014675711787751188,-3.680584579706192,-4.091436664263408,0.030299324593315385
2021-08-01,-0.03123101550382334,-0.12408160465828917,-1.7394602298736572,0.026160038391248787,-0.12551189136149277,0.02561437556995889,-5.377907678484917,-2.483496318260829,0.02597415028777841
2021-09-01,-0.03187028313433374,-0.11248152623785304,-3.104269504547119,0.027568419229426832,-0.06987979607795601,0.02665170508882274,-4.443173483014107,-0.7025808095932007,0.03012595570658984
2021-10-01,-0.03466180174031875,-0.05586309794415819,37.49867081642151,0.02465420905098641,-0.06609744211631034,0.023284300189951194,-4.848148673772812,3.0808376769224806,0.02758114611449307
2021-11-01,-0.010861136292765191,-0.07401284702280735,17.930421233177185,0.031057271516794785,-0.02636100207246951,0.0348595246348692,-7.208191603422165,3.9891516168912253,-0.01877366042096321
2021-12-01,-0.009697253027787575,-0.10891217500605482,149.37998056411743,0.007848185487091541,0.02145513669768376,0.007440749677303045,-4.965446516871452,9.199344118436178,0.0128877387471395
2022-01-01,0.001591855946641702,-0.023774695681764726,29.66519594192505,0.020604021847248077,0.025575599674858264,0.030062953820047172,-2.8642885386943817,6.460053722063701,-0.08834614737393105
2022-02-01,0.01689747522969346,-0.05350178702080504,38.561415672302246,0.034653326402679624,0.036311216318785255,-0.0017043308395406475,-4.342513531446457,6.8839579820632935,-0.07082524977318229
2022-03-01,0.01864837795183375,-0.1142382859549624,11.493998765945435,0.028594782267757458,0.03562756438753498,-0.011483115427519964,-4.699575901031494,6.716492275396983,-0.011385261553199324
2022-04-01,0.018206395703804244,-0.1395553826017583,77.59206891059875,0.028742051167453795,-0.01244448792578569,-0.018728083080571632,-6.512531638145447,6.034756203492483,0.012922066276612347
2022-05-01,0.01187415637232207,-0.17343908548355103,50.10894536972046,0.0314951814014277,-0.08304036264099292,0.0009292833830999292,-5.725616589188576,0.3569679024318854,-0.030875402464442057
2022-06-01,-5.5655316039398836e-05,-0.1299735000158878,3.0689211562275887,0.030788187634387464,-0.12060024622660964,0.0030815301705961647,-5.325018614530563,-1.5338975936174393,-0.001983486804856013
2022-07-01,-0.010526731571221686,-0.11777950728193243,-11.808916926383972,0.02656309135097394,-0.09370706419446574,0.02234806387644747,-3.7824444472789764,-3.2991168399651847,0.031648581362750436
2022-08-01,-0.025133373723788696,-0.06336251551166494,-6.030532717704773,0.027899281959310712,-0.09325395213134252,0.02936247574246448,-4.197980463504791,-2.404576539993286,0.005984167274955201
2022-09-01,-0.04186261497385852,-0.05161129730813047,-1.4992832206189632,0.02669877097975436,-0.10816641707918537,0.03678187403989875,-4.06048558652401,-1.5783338497082393,0.009409958904940788
2022-10-01,-0.019437911549022982,-0.055952306757582,18.445613980293274,0.026694253060243114,-0.042660364797755854,0.034255050122737885,-4.246953129768372,1.1560947944720588,0.017468895354907806
2022-11-01,-0.009370775945432537,-0.12363161336868368,51.79949998855591,0.028303599239682124,-0.024452922281934252,0.01051237077816673,-5.10987862944603,8.024234076340994,0.00864669604048337
2022-12-01,0.01973303855507524,-0.1100171040347282,95.72631120681763,0.02201508643547837,0.017511757062887077,0.016328684641453237,-5.12993298470974,9.438300132751465,-0.0586603143035549
