,vws_u250-50_cluster1,vws_u250-50_cluster2,vws_u250-50_cluster3,vws_u250-50_cluster4,vws_u250-50_cluster5,vws_u250-50_cluster6,vws_u250-50_cluster7,vws_u250-50_cluster8,vws_u250-50_cluster9,vws_u250-50_cluster10,vws_u250-50_cluster11,vws_u250-50_cluster12
1965-01-01,21.755962371826172,-50.57218551635742,-13.718053817749023,-55.81239318847656,-22.982912063598633,10.47062873840332,-20.452430725097656,-60.026058197021484,18.694290161132812,-31.873008728027344,-2.8612537384033203,-36.964935302734375
1965-02-01,22.013408660888672,-51.2027702331543,-9.664067268371582,-48.60873794555664,-19.025062561035156,11.29022216796875,-27.67563247680664,-61.6342887878418,21.03413200378418,-47.01354217529297,-6.876134872436523,-40.40625762939453
1965-03-01,19.654014587402344,-56.33869171142578,-11.159870147705078,-46.16787338256836,-22.38328742980957,8.544658660888672,-24.44449806213379,-57.141990661621094,17.93824005126953,-38.271724700927734,-5.326560974121094,-42.99214172363281
1965-04-01,12.357490539550781,-31.34833335876465,-11.85888957977295,-38.4591064453125,-16.71617889404297,3.0584144592285156,-26.067398071289062,-43.881805419921875,15.435458183288574,-33.71913146972656,-15.195934295654297,-26.741975784301758
1965-05-01,7.9417724609375,-24.232675552368164,-11.371692657470703,-39.37647247314453,-14.777175903320312,-9.869373321533203,-20.64470100402832,-30.04969024658203,-1.1308155059814453,-24.807859420776367,-20.814159393310547,-10.07630729675293
1965-06-01,2.8482189178466797,-16.70966148376465,-10.61727523803711,-41.970497131347656,-10.55209732055664,-10.519510269165039,-26.381874084472656,-30.310396194458008,-4.666646957397461,-30.38372039794922,-17.877954483032227,-11.902885437011719
1965-07-01,2.9704246520996094,-10.074678421020508,-13.087469100952148,-34.53221130371094,-10.939899444580078,-10.258804321289062,-32.59320831298828,-22.4354305267334,-5.026750564575195,-29.966588973999023,-24.674245834350586,-10.876352310180664
1965-08-01,-4.508594512939453,-16.136106491088867,-15.785781860351562,-20.758760452270508,-16.60049057006836,-10.635196685791016,-24.488492965698242,-13.529041290283203,-6.672458648681641,-25.3651180267334,-20.641443252563477,-12.515542984008789
1965-09-01,-0.668060302734375,-12.197809219360352,-13.682205200195312,-23.970338821411133,-15.710830688476562,-10.222957611083984,-28.289920806884766,-16.934520721435547,-6.999969482421875,-31.690513610839844,-19.09512710571289,-10.36308479309082
1965-10-01,-11.907773971557617,-24.83555793762207,-14.063488006591797,-26.735458374023438,-17.195228576660156,-13.462234497070312,-16.703144073486328,-24.433094024658203,-11.291852951049805,-25.38956069946289,-17.084426879882812,-15.076986312866211
1965-11-01,-15.39309310913086,-29.643966674804688,-7.436653137207031,-42.749359130859375,-11.559078216552734,-7.783721923828125,-11.940361022949219,-41.0938720703125,-14.133552551269531,-31.159324645996094,-21.184036254882812,-18.940330505371094
1965-12-01,-12.660560607910156,-40.285682678222656,-11.363546371459961,-38.333641052246094,-16.372371673583984,-12.792545318603516,-9.515792846679688,-50.23815155029297,-16.73573112487793,-27.271533966064453,-14.376337051391602,-30.685161590576172
1966-01-01,-12.254467010498047,-49.58241271972656,-18.522014617919922,-43.391998291015625,-25.058713912963867,-7.841413497924805,-16.112808227539062,-58.470882415771484,-12.418582916259766,-29.113996505737305,-7.887363433837891,-40.25904083251953
1966-02-01,-11.15817642211914,-47.33075714111328,-16.85296630859375,-36.193912506103516,-23.04174041748047,-8.552030563354492,-14.666954040527344,-50.53756332397461,-9.919109344482422,-24.18726348876953,-15.265974044799805,-39.27599334716797
1966-03-01,-11.051502227783203,-41.09767150878906,-19.375411987304688,-40.51342010498047,-23.447105407714844,-13.879203796386719,-21.947093963623047,-44.10425567626953,-14.873739242553711,-30.074066162109375,-21.70584487915039,-32.31423568725586
1966-04-01,-14.320672988891602,-26.905006408691406,-18.147830963134766,-35.94938659667969,-20.259992599487305,-17.333820343017578,-19.014358520507812,-33.07901382446289,-17.24848175048828,-25.853031158447266,-23.776975631713867,-22.590423583984375
1966-05-01,-8.893390655517578,-29.520998001098633,-18.50888442993164,-32.44224548339844,-19.542808532714844,-20.926298141479492,-28.173614501953125,-34.93843078613281,-15.443218231201172,-27.38258171081543,-22.705305099487305,-21.09369659423828
1966-06-01,3.384052276611328,-20.256710052490234,-14.445398330688477,-36.59271240234375,-15.625385284423828,-13.505020141601562,-21.850265502929688,-27.822410583496094,-2.227039337158203,-27.515514373779297,-27.15610122680664,-14.05644416809082
1966-07-01,2.801441192626953,-11.11550521850586,-17.95745849609375,-25.3098087310791,-17.36008071899414,-11.494613647460938,-29.622751235961914,-17.20745277404785,-1.4737529754638672,-25.795591354370117,-25.670862197875977,-12.625364303588867
1966-08-01,10.306421279907227,-14.566844940185547,-15.090370178222656,-11.650522232055664,-17.972230911254883,-5.1450042724609375,-19.895658493041992,-9.095251083374023,3.6810989379882812,-17.10570526123047,-15.981513977050781,-19.633073806762695
1966-09-01,15.91586685180664,-13.344186782836914,-12.269233703613281,-20.008895874023438,-13.624824523925781,4.34576416015625,-24.129823684692383,-13.849660873413086,11.89177131652832,-24.605756759643555,-9.139562606811523,-13.682262420654297
1966-10-01,9.502256393432617,-25.890775680541992,-8.012090682983398,-34.94499969482422,-13.399988174438477,2.9819679260253906,-22.24578285217285,-30.710834503173828,9.664730072021484,-33.389190673828125,-4.820058822631836,-16.0570068359375
1966-11-01,15.001749038696289,-30.60087776184082,0.15919113159179688,-42.243194580078125,-7.175106048583984,8.609472274780273,-26.420867919921875,-47.340606689453125,12.947030067443848,-36.58287048339844,0.10831642150878906,-19.46239471435547
1966-12-01,18.801008224487305,-38.99864196777344,1.242349624633789,-50.36360168457031,-7.45738410949707,14.804811477661133,-29.122201919555664,-55.267356872558594,19.49029541015625,-45.10371398925781,4.201343536376953,-25.54613494873047
1967-01-01,21.359249114990234,-42.11766052246094,0.0734710693359375,-53.822628021240234,-9.613458633422852,14.614480972290039,-31.857643127441406,-63.99937438964844,19.974700927734375,-53.55160140991211,-0.0408172607421875,-30.464929580688477
1967-02-01,20.673507690429688,-49.58082580566406,-8.661582946777344,-49.08610534667969,-16.6602783203125,12.335203170776367,-19.57958221435547,-63.22383499145508,20.102054595947266,-32.92380905151367,-1.6474132537841797,-38.597511291503906
1967-03-01,16.722322463989258,-44.19937515258789,-9.775096893310547,-39.83021545410156,-18.701181411743164,12.989923477172852,-22.066219329833984,-46.798667907714844,20.809024810791016,-32.43888854980469,-6.125967025756836,-37.1803092956543
1967-04-01,13.84546947479248,-26.41415023803711,-9.564476013183594,-34.639793395996094,-15.133686065673828,2.0539627075195312,-19.6840763092041,-35.83331298828125,12.746649742126465,-31.643753051757812,-18.433414459228516,-21.604158401489258
1967-05-01,13.883023262023926,-23.66954803466797,-12.091928482055664,-26.42231559753418,-14.392431259155273,-3.1266613006591797,-24.809186935424805,-28.019115447998047,6.744768142700195,-29.601221084594727,-14.529579162597656,-19.16977310180664
1967-06-01,15.956575393676758,-22.44664192199707,-6.47700309753418,-34.293663024902344,-8.676275253295898,-0.5959434509277344,-29.475502014160156,-34.53856658935547,6.881917953491211,-33.23565673828125,-9.855100631713867,-13.11074447631836
1967-07-01,16.21781349182129,-13.197280883789062,-10.833099365234375,-22.36663818359375,-12.060909271240234,-6.276178359985352,-34.24794387817383,-18.242385864257812,6.6370086669921875,-28.37831687927246,-17.64970588684082,-12.59970474243164
1967-08-01,24.39284324645996,-13.905879974365234,-13.623418807983398,-20.004091262817383,-15.10593032836914,-2.338054656982422,-22.30459213256836,-13.151561737060547,10.640439987182617,-13.225034713745117,-13.958126068115234,-11.394754409790039
1967-09-01,18.954252243041992,-12.041315078735352,-13.336061477661133,-20.03837776184082,-14.892044067382812,2.4001007080078125,-21.92906951904297,-13.030740737915039,17.346023559570312,-20.913516998291016,-12.059274673461914,-11.375162124633789
1967-10-01,11.755586624145508,-17.881553649902344,-7.551332473754883,-34.409584045410156,-9.786527633666992,-1.7535419464111328,-27.16683578491211,-27.926050186157227,9.520393371582031,-36.23986053466797,-10.351448059082031,-7.797872543334961
1967-11-01,9.264057159423828,-27.021522521972656,-7.575822830200195,-46.32027816772461,-10.79718017578125,1.5167980194091797,-16.433330535888672,-39.297950744628906,8.411775588989258,-38.03096008300781,-11.239648818969727,-20.139606475830078
1967-12-01,10.451044082641602,-49.15467834472656,-15.60390853881836,-61.2678337097168,-22.2947998046875,4.054044723510742,-19.556724548339844,-61.21559143066406,8.818323135375977,-29.37753677368164,-5.422264099121094,-32.690330505371094
1968-01-01,16.589162826538086,-49.09101104736328,-12.765522003173828,-52.039424896240234,-20.463857650756836,7.911670684814453,-28.1512508392334,-72.27900695800781,13.30706787109375,-42.97172927856445,-6.748350143432617,-39.81180191040039
1968-02-01,16.66756820678711,-53.92298126220703,-15.555303573608398,-46.879241943359375,-23.445091247558594,6.239625930786133,-19.752737045288086,-74.87003326416016,16.647510528564453,-32.78447723388672,-3.8054046630859375,-41.62424850463867
1968-03-01,15.351081848144531,-41.35620880126953,-19.41358757019043,-35.286155700683594,-27.4838924407959,-0.8241710662841797,-12.373495101928711,-39.4161262512207,12.264091491699219,-20.002540588378906,-17.519088745117188,-36.360130310058594
1968-04-01,-0.8405799865722656,-37.62921142578125,-22.792320251464844,-27.697227478027344,-26.780065536499023,-6.607950210571289,-17.16717529296875,-35.256980895996094,0.6217765808105469,-22.445877075195312,-21.20597267150879,-33.20020294189453
1968-05-01,-3.2966842651367188,-31.192659378051758,-16.69309425354004,-28.030906677246094,-17.54279136657715,-18.60582733154297,-28.0382022857666,-33.13092041015625,-8.617321014404297,-32.62583923339844,-25.346881866455078,-23.920995712280273
1968-06-01,-3.2875633239746094,-25.81002426147461,-10.045032501220703,-40.2257080078125,-10.287540435791016,-13.498523712158203,-17.958524703979492,-38.07593536376953,-9.8681640625,-22.806909561157227,-16.222660064697266,-14.822301864624023
1968-07-01,-5.9679412841796875,-17.726953506469727,-14.142181396484375,-27.775632858276367,-15.134101867675781,-13.715507507324219,-24.68317222595215,-25.52557373046875,-11.986934661865234,-25.26300621032715,-25.616744995117188,-18.035106658935547
1968-08-01,-0.9281044006347656,-13.308891296386719,-19.457347869873047,-25.16089630126953,-20.788419723510742,-14.95541000366211,-32.32680130004883,-15.04840087890625,-10.01950454711914,-26.55943489074707,-20.90511703491211,-13.482112884521484
1968-09-01,-4.883026123046875,-11.317754745483398,-14.012718200683594,-26.388036727905273,-14.390159606933594,-13.854084014892578,-33.542999267578125,-18.66781997680664,-9.375850677490234,-30.09862518310547,-18.698820114135742,-12.344322204589844
1968-10-01,-9.988506317138672,-18.985092163085938,-13.589693069458008,-37.74772644042969,-13.26695442199707,-12.481075286865234,-22.728500366210938,-31.497161865234375,-9.26644515991211,-28.20595359802246,-19.178369522094727,-11.031482696533203
1968-11-01,-13.181251525878906,-37.612796783447266,-11.948646545410156,-44.68571090698242,-15.121335983276367,-8.943706512451172,-13.987194061279297,-48.47288513183594,-8.619144439697266,-24.303905487060547,-8.661079406738281,-23.401330947875977
1968-12-01,-9.636592864990234,-48.695335388183594,-16.140609741210938,-25.81913948059082,-22.82149314880371,-10.664981842041016,-11.013248443603516,-47.16734313964844,-12.482894897460938,-28.9353084564209,-16.043970108032227,-39.61305236816406
1969-01-01,-11.751453399658203,-44.44820022583008,-18.91843032836914,-40.1191520690918,-23.51949691772461,-10.082864761352539,-14.473281860351562,-52.30683135986328,-12.250703811645508,-28.72762107849121,-16.31768798828125,-36.2628173828125
1969-02-01,-9.585269927978516,-46.19308853149414,-16.287830352783203,-37.73735046386719,-21.91061782836914,-10.815982818603516,-17.636306762695312,-49.89019012451172,-12.856109619140625,-27.76229476928711,-16.26958656311035,-36.66255187988281
1969-03-01,-8.785808563232422,-44.78656005859375,-22.41152572631836,-35.87469482421875,-27.642871856689453,-11.47114372253418,-18.737640380859375,-38.100589752197266,-11.31191635131836,-23.49627685546875,-16.564823150634766,-39.89192199707031
1969-04-01,-5.707374572753906,-25.028858184814453,-19.95840072631836,-27.7689266204834,-24.31730079650879,-11.184200286865234,-16.495162963867188,-27.516815185546875,-5.3955535888671875,-21.600452423095703,-22.788036346435547,-26.319278717041016
1969-05-01,4.035467147827148,-22.39991569519043,-11.141075134277344,-34.430023193359375,-15.183177947998047,-12.31373405456543,-19.109176635742188,-26.495094299316406,-2.390096664428711,-23.220943450927734,-24.05358123779297,-13.96905517578125
1969-06-01,13.031925201416016,-19.445880889892578,-11.474462509155273,-33.04008483886719,-13.834705352783203,-9.900415420532227,-25.939451217651367,-23.16620635986328,5.939586639404297,-31.877376556396484,-19.188793182373047,-8.24177360534668
1969-07-01,18.765838623046875,-13.328819274902344,-10.674999237060547,-23.514522552490234,-12.234119415283203,-8.110742568969727,-28.470535278320312,-18.006179809570312,2.6223087310791016,-30.93526840209961,-23.373537063598633,-12.305438995361328
1969-08-01,11.53915023803711,-12.633852005004883,-13.108222961425781,-29.729442596435547,-11.635353088378906,-4.559597015380859,-31.18240737915039,-18.7243709564209,2.1031532287597656,-28.725963592529297,-13.940860748291016,-11.787946701049805
1969-09-01,15.236255645751953,-13.683769226074219,-4.28094482421875,-33.73339080810547,-5.090362548828125,0.1277141571044922,-31.119380950927734,-21.00665855407715,5.387258529663086,-27.971282958984375,-12.487892150878906,-9.756111145019531
1969-10-01,12.511112213134766,-26.735597610473633,-10.00656509399414,-36.19315719604492,-13.391847610473633,4.733755111694336,-18.70115089416504,-31.771224975585938,10.665048599243164,-22.842771530151367,-5.526584625244141,-15.362310409545898
1969-11-01,13.590885162353516,-25.795148849487305,-5.488435745239258,-48.94808578491211,-9.268472671508789,6.199991226196289,-18.530311584472656,-39.69785690307617,12.330320358276367,-25.82500457763672,-0.15259361267089844,-16.705810546875
1969-12-01,16.45369529724121,-37.26795196533203,-6.004270553588867,-55.86958694458008,-12.605653762817383,11.66354751586914,-16.558191299438477,-55.123199462890625,17.07236671447754,-31.406322479248047,-0.32840919494628906,-25.12008285522461
1970-01-01,16.861003875732422,-52.551490783691406,-12.306718826293945,-40.758934020996094,-20.937728881835938,9.100248336791992,-3.1582164764404297,-55.39521026611328,16.130521774291992,-17.172164916992188,-6.349708557128906,-42.572662353515625
1970-02-01,14.764402389526367,-41.426185607910156,-8.251626014709473,-47.701011657714844,-15.048940658569336,10.589502334594727,-15.423332214355469,-58.10748291015625,16.992456436157227,-28.38898277282715,-2.141529083251953,-30.300888061523438
1970-03-01,16.300247192382812,-45.76082992553711,-11.47972583770752,-46.83741760253906,-18.787879943847656,6.677509307861328,-28.933101654052734,-53.87434768676758,16.04233169555664,-37.284568786621094,-6.521095275878906,-36.76374053955078
1970-04-01,10.106950759887695,-32.936614990234375,-17.76453971862793,-30.480594635009766,-22.64329719543457,-1.1597862243652344,-14.696179389953613,-35.177978515625,8.183401107788086,-21.21894073486328,-15.97909927368164,-27.22587013244629
1970-05-01,3.4743690490722656,-24.516929626464844,-9.25832748413086,-29.43562126159668,-10.273347854614258,-16.068952560424805,-25.531949996948242,-29.475557327270508,-7.005311965942383,-30.56046485900879,-23.926219940185547,-14.201980590820312
1970-06-01,-3.1399078369140625,-14.193658828735352,-13.935747146606445,-44.170074462890625,-14.574710845947266,-16.039003372192383,-28.435577392578125,-29.307497024536133,-10.21011734008789,-37.72551727294922,-20.240528106689453,-13.62624740600586
1970-07-01,-3.2131271362304688,-20.105745315551758,-14.621299743652344,-19.135650634765625,-14.27020263671875,-12.65615463256836,-26.570266723632812,-22.08087730407715,-9.63937759399414,-27.751686096191406,-20.671493530273438,-17.55820655822754
1970-08-01,-4.056755065917969,-14.787698745727539,-20.28545379638672,-14.316795349121094,-19.35030174255371,-16.290264129638672,-24.247364044189453,-14.987371444702148,-14.428279876708984,-17.736249923706055,-25.854761123657227,-17.41843605041504
1970-09-01,-6.206607818603516,-7.8306427001953125,-20.831235885620117,-17.796154022216797,-20.628232955932617,-18.611501693725586,-33.66377258300781,-12.236833572387695,-14.691184997558594,-28.244220733642578,-22.674911499023438,-11.348274230957031
1970-10-01,-11.995555877685547,-20.135696411132812,-10.529600143432617,-27.701766967773438,-10.780858993530273,-19.165603637695312,-21.598325729370117,-27.2591495513916,-18.426799774169922,-31.61542320251465,-23.225688934326172,-12.143651962280273
1970-11-01,-12.671127319335938,-34.95667266845703,-8.983772277832031,-38.249671936035156,-12.562969207763672,-12.677785873413086,-23.606739044189453,-50.65789031982422,-20.361995697021484,-40.99022674560547,-12.171937942504883,-24.42873764038086
1970-12-01,-12.39657211303711,-40.464412689208984,-12.572954177856445,-45.557823181152344,-17.609790802001953,-9.785804748535156,-18.297008514404297,-54.99087142944336,-14.909168243408203,-37.35944366455078,-9.557840347290039,-30.82171058654785
1971-01-01,-14.534669876098633,-56.113616943359375,-21.625625610351562,-41.14617919921875,-29.206518173217773,-12.904825210571289,-15.646815299987793,-56.72603225708008,-13.974512100219727,-26.897300720214844,-15.151981353759766,-44.231117248535156
1971-02-01,-7.110557556152344,-49.053688049316406,-17.387710571289062,-35.72262191772461,-25.195602416992188,-9.525922775268555,-20.082340240478516,-56.92527389526367,-10.053417205810547,-34.399803161621094,-15.380620956420898,-41.95619583129883
1971-03-01,-6.890083312988281,-35.4825553894043,-14.498739242553711,-40.46027374267578,-20.21625328063965,-7.763797760009766,-23.835224151611328,-46.22187805175781,-11.547710418701172,-31.401418685913086,-10.050151824951172,-29.165691375732422
1971-04-01,-7.112188339233398,-34.18586730957031,-13.956548690795898,-32.763427734375,-17.655540466308594,-9.90317153930664,-22.140056610107422,-31.910945892333984,-8.537895202636719,-24.119384765625,-21.336565017700195,-28.36709976196289
1971-05-01,5.341899871826172,-24.91960906982422,-16.293527603149414,-33.12434387207031,-19.11553955078125,-9.501428604125977,-26.923431396484375,-27.913095474243164,-2.356576919555664,-27.645265579223633,-17.080684661865234,-18.52598762512207
1971-06-01,15.341424942016602,-17.30768585205078,-11.40073013305664,-38.48747634887695,-10.275520324707031,-12.08827018737793,-37.718284606933594,-32.10038757324219,1.6706695556640625,-38.018775939941406,-24.467235565185547,-11.72735595703125
1971-07-01,15.695808410644531,-13.615226745605469,-16.092655181884766,-24.222270965576172,-14.978874206542969,-7.642950057983398,-25.30828857421875,-17.809053421020508,3.7136898040771484,-23.283233642578125,-25.448734283447266,-14.377891540527344
1971-08-01,11.469322204589844,-12.532474517822266,-15.782363891601562,-22.386653900146484,-13.873260498046875,-6.0131072998046875,-22.647953033447266,-12.744779586791992,4.250982284545898,-20.79764175415039,-13.749141693115234,-13.902656555175781
1971-09-01,15.699075698852539,-12.223819732666016,-12.055608749389648,-27.903297424316406,-12.757848739624023,-2.118143081665039,-37.928955078125,-19.189029693603516,8.425207138061523,-33.55712127685547,-13.607061386108398,-10.419233322143555
1971-10-01,14.191715240478516,-17.407306671142578,-4.88136100769043,-36.27134704589844,-6.424652099609375,-5.505210876464844,-28.644729614257812,-28.51571273803711,1.1611404418945312,-37.0274772644043,-7.44044303894043,-8.995162963867188
1971-11-01,15.395317077636719,-31.434078216552734,-4.566171646118164,-50.133174896240234,-8.707735061645508,6.20091438293457,-20.06927490234375,-46.06183624267578,11.95435619354248,-38.8745231628418,-1.7980537414550781,-19.88800048828125
1971-12-01,17.325653076171875,-38.794498443603516,-7.9238433837890625,-58.504493713378906,-15.016436576843262,7.260801315307617,-15.922813415527344,-57.66834259033203,16.2951602935791,-33.60447692871094,-0.19270706176757812,-26.53148651123047
1972-01-01,20.29221534729004,-48.220726013183594,-10.638886451721191,-43.47942352294922,-21.414058685302734,11.469512939453125,-17.187768936157227,-55.76951599121094,19.435768127441406,-31.842063903808594,-9.154091835021973,-39.835575103759766
1972-02-01,21.498701095581055,-51.77419662475586,-11.432212829589844,-46.96403121948242,-20.596345901489258,9.819738388061523,-24.354957580566406,-58.89691162109375,20.032554626464844,-38.3134765625,-11.268671035766602,-42.98162078857422
1972-03-01,24.540023803710938,-49.25075912475586,-9.12683391571045,-36.577632904052734,-20.39693832397461,11.31457805633545,-21.07406234741211,-49.5247688293457,23.256067276000977,-28.234081268310547,-8.025073051452637,-40.177005767822266
1972-04-01,17.74152183532715,-26.179752349853516,-12.589923858642578,-21.762664794921875,-20.28504180908203,3.727053642272949,-12.159547805786133,-22.921810150146484,15.961198806762695,-18.3526554107666,-20.382593154907227,-23.053791046142578
1972-05-01,14.697330474853516,-22.517255783081055,-8.977636337280273,-31.918094635009766,-10.492559432983398,-1.862091064453125,-24.673439025878906,-30.65996551513672,8.441102027893066,-29.256938934326172,-19.671039581298828,-13.00882339477539
1972-06-01,3.876251220703125,-18.302444458007812,-4.643754959106445,-34.46735382080078,-5.756990432739258,-10.212814331054688,-29.178037643432617,-31.50063133239746,-5.276405334472656,-32.68846893310547,-16.8362979888916,-9.828346252441406
1972-07-01,6.989299774169922,-15.111927032470703,-16.524991989135742,-22.333629608154297,-18.35982894897461,-7.461278915405273,-26.199838638305664,-15.654199600219727,-4.506034851074219,-20.316600799560547,-17.210723876953125,-17.61671257019043
1972-08-01,-0.10902786254882812,-13.876745223999023,-18.973827362060547,-17.714263916015625,-16.798999786376953,-15.690065383911133,-22.937589645385742,-15.101882934570312,-9.455352783203125,-19.513233184814453,-25.60735511779785,-11.749258041381836
1972-09-01,-8.201526641845703,-15.443313598632812,-16.073097229003906,-30.99565887451172,-17.506250381469727,-15.388801574707031,-31.58096694946289,-21.61203384399414,-12.97726058959961,-31.731599807739258,-21.637855529785156,-12.647308349609375
1972-10-01,-17.1834659576416,-18.751468658447266,-11.904191970825195,-40.9932861328125,-13.513795852661133,-12.924182891845703,-21.26773452758789,-27.89982032775879,-13.427722930908203,-29.737525939941406,-9.313329696655273,-12.357521057128906
1972-11-01,-14.766191482543945,-28.61998176574707,-10.168344497680664,-43.76777267456055,-12.499545097351074,-15.360109329223633,-13.80788803100586,-40.12392807006836,-18.410037994384766,-30.235328674316406,-14.647119522094727,-17.796035766601562
1972-12-01,-17.8778076171875,-43.79072570800781,-20.762760162353516,-43.2039794921875,-24.869977951049805,-13.015995025634766,-9.006326675415039,-51.92626190185547,-15.421794891357422,-25.681955337524414,-15.658502578735352,-33.91790771484375
1973-01-01,-6.541507720947266,-53.00421905517578,-20.07050323486328,-43.812339782714844,-26.846149444580078,-10.115684509277344,-16.727279663085938,-54.39152908325195,-12.455467224121094,-32.443145751953125,-13.508289337158203,-41.21772003173828
1973-02-01,-2.030780792236328,-46.577392578125,-17.39783477783203,-35.88990020751953,-23.09676742553711,-5.740346908569336,-16.54729652404785,-51.39552688598633,-4.531429290771484,-30.393251419067383,-14.140618324279785,-38.85723114013672
1973-03-01,9.142501831054688,-46.074073791503906,-10.730496406555176,-36.761146545410156,-17.11591339111328,1.1929855346679688,-23.980754852294922,-51.385963439941406,6.014303207397461,-36.141563415527344,-9.220550537109375,-35.40729522705078
1973-04-01,9.711122512817383,-21.559743881225586,-18.839290618896484,-35.87397384643555,-19.532146453857422,-9.79076099395752,-21.110584259033203,-26.428844451904297,3.93414306640625,-25.360095977783203,-21.914932250976562,-15.023014068603516
1973-05-01,11.14143180847168,-24.063579559326172,-4.528247833251953,-35.173152923583984,-7.685117721557617,-12.852066040039062,-35.02184295654297,-34.408626556396484,1.9240665435791016,-39.01969909667969,-21.260303497314453,-13.216812133789062
1973-06-01,15.034162521362305,-21.8114013671875,-7.237548828125,-43.31858444213867,-10.48680305480957,-7.701045989990234,-27.363800048828125,-36.28331756591797,2.9896297454833984,-32.871604919433594,-15.636228561401367,-9.403718948364258
1973-07-01,16.89133071899414,-12.194252014160156,-13.917631149291992,-21.75884246826172,-16.402353286743164,-9.268331527709961,-25.960567474365234,-13.046382904052734,0.3121814727783203,-18.18307113647461,-23.944122314453125,-16.622156143188477
1973-08-01,14.505361557006836,-10.392827987670898,-16.531368255615234,-17.02353286743164,-19.154659271240234,-10.934371948242188,-22.34816551208496,-5.81361198425293,-1.317220687866211,-14.707643508911133,-22.948640823364258,-11.915517807006836
1973-09-01,13.721721649169922,-12.288225173950195,-11.842248916625977,-28.14266586303711,-11.509361267089844,-8.159765243530273,-31.22308349609375,-19.865036010742188,1.4605712890625,-35.49808120727539,-19.106876373291016,-6.226142883300781
1973-10-01,13.313970565795898,-17.63037872314453,-4.376932144165039,-32.283870697021484,-6.8680267333984375,-4.279773712158203,-28.894454956054688,-27.891008377075195,6.3408203125,-30.284940719604492,-15.59959602355957,-5.19561767578125
1973-11-01,14.739500999450684,-35.628684997558594,-3.3798599243164062,-47.5696907043457,-10.297262191772461,5.746715545654297,-22.575931549072266,-51.567543029785156,7.393642425537109,-37.216678619384766,-1.618255615234375,-23.928194046020508
1973-12-01,17.201923370361328,-41.06640625,-6.711935043334961,-59.466094970703125,-15.484916687011719,8.392309188842773,-22.905635833740234,-59.23832702636719,14.957709312438965,-38.0815544128418,0.0047779083251953125,-24.777141571044922
1974-01-01,24.370967864990234,-57.607391357421875,-10.632303237915039,-41.659759521484375,-20.945751190185547,10.252635955810547,-23.457138061523438,-70.99925994873047,20.986841201782227,-41.76659393310547,-3.262500762939453,-46.63322448730469
1974-02-01,21.151199340820312,-51.85158157348633,-11.59215259552002,-42.49797821044922,-20.257091522216797,7.11833381652832,-19.405717849731445,-61.323516845703125,15.612340927124023,-35.591670989990234,-9.746414184570312,-40.492820739746094
1974-03-01,19.443519592285156,-48.34090042114258,-9.088983535766602,-49.30732727050781,-18.528047561645508,12.425445556640625,-27.57101058959961,-59.0142936706543,19.282451629638672,-38.559967041015625,-7.159423828125,-39.2601318359375
1974-04-01,15.704381942749023,-27.9046573638916,-15.459487915039062,-38.620784759521484,-19.42051124572754,1.7882118225097656,-17.609289169311523,-31.310152053833008,10.854185104370117,-24.150728225708008,-14.972990989685059,-20.8832950592041
1974-05-01,10.091564178466797,-18.189472198486328,-13.008916854858398,-32.2174072265625,-13.345848083496094,-6.9474029541015625,-26.645679473876953,-24.45314598083496,2.358531951904297,-30.01172637939453,-16.259910583496094,-13.352422714233398
1974-06-01,4.4803924560546875,-18.746644973754883,-8.556465148925781,-38.265769958496094,-10.499174118041992,-5.280815124511719,-30.99787139892578,-28.63440704345703,-4.572431564331055,-34.56114959716797,-13.239015579223633,-10.086637496948242
1974-07-01,1.6994590759277344,-11.690767288208008,-14.20872688293457,-27.49212074279785,-14.85629653930664,-10.785154342651367,-26.985898971557617,-19.377779006958008,-4.883068084716797,-30.795711517333984,-16.212249755859375,-15.22281265258789
1974-08-01,1.1620101928710938,-16.494945526123047,-17.46958351135254,-17.523822784423828,-23.16129493713379,-9.582054138183594,-20.842205047607422,-11.580646514892578,-3.698047637939453,-20.02699089050293,-19.62924575805664,-18.68419075012207
1974-09-01,-5.436954498291016,-12.395858764648438,-13.288326263427734,-22.758617401123047,-14.481559753417969,-12.371208190917969,-33.95466613769531,-16.187597274780273,-7.793846130371094,-32.917572021484375,-19.09015464782715,-13.102598190307617
1974-10-01,-5.694995880126953,-13.764961242675781,-6.628547668457031,-41.31132507324219,-7.22352409362793,-13.120677947998047,-32.25520706176758,-27.39021873474121,-13.18149185180664,-33.239707946777344,-14.177497863769531,-6.695932388305664
1974-11-01,-8.942703247070312,-26.627599716186523,-4.173042297363281,-43.301692962646484,-6.4987030029296875,-11.17961311340332,-26.422149658203125,-42.88751220703125,-11.431081771850586,-39.146728515625,-11.795955657958984,-16.527816772460938
1974-12-01,-5.722938537597656,-33.04248046875,-7.6804351806640625,-55.452659606933594,-11.833757400512695,-6.704153060913086,-16.831876754760742,-53.999732971191406,-5.187129974365234,-41.27022933959961,-9.32565689086914,-23.029808044433594
1975-01-01,-4.8121185302734375,-47.79656219482422,-14.955724716186523,-44.68191146850586,-20.3331356048584,-6.311647415161133,-22.637062072753906,-61.814884185791016,-5.029048919677734,-41.629005432128906,-11.434122085571289,-37.41860580444336
1975-02-01,-2.164581298828125,-54.43440628051758,-17.962703704833984,-37.4914436340332,-26.43418312072754,-9.256874084472656,-21.185033798217773,-54.618080139160156,-8.232379913330078,-34.77740478515625,-16.26999282836914,-43.37556076049805
1975-03-01,-3.9697227478027344,-52.727439880371094,-17.422746658325195,-31.547161102294922,-26.166580200195312,-9.432636260986328,-16.726024627685547,-45.94233703613281,-8.298885345458984,-29.514001846313477,-18.694259643554688,-45.86475372314453
1975-04-01,-8.290966033935547,-24.1935977935791,-16.235157012939453,-28.213985443115234,-18.379152297973633,-14.304925918579102,-22.515134811401367,-29.076969146728516,-13.400774002075195,-23.131099700927734,-22.58797264099121,-20.352136611938477
1975-05-01,-9.017770767211914,-24.526121139526367,-7.545158386230469,-37.831886291503906,-9.310710906982422,-21.91025733947754,-32.747413635253906,-32.389556884765625,-16.016639709472656,-39.176239013671875,-24.016250610351562,-10.561639785766602
1975-06-01,2.93414306640625,-16.8162841796875,-10.82448959350586,-37.307762145996094,-9.545061111450195,-17.53992462158203,-34.43854522705078,-30.308897018432617,-6.169137954711914,-37.9284782409668,-20.215959548950195,-6.937112808227539
1975-07-01,12.713552474975586,-13.302600860595703,-14.357181549072266,-26.324926376342773,-14.629533767700195,-9.877588272094727,-30.495744705200195,-17.611177444458008,-0.07283973693847656,-26.139663696289062,-19.89927101135254,-11.03509521484375
1975-08-01,20.882593154907227,-16.60568618774414,-17.261234283447266,-15.437097549438477,-19.29280662536621,-3.4740982055664062,-18.697429656982422,-15.547935485839844,5.35682487487793,-16.345998764038086,-18.564414978027344,-16.944543838500977
1975-09-01,16.745027542114258,-12.282852172851562,-14.287508010864258,-19.272220611572266,-15.395927429199219,-3.0243988037109375,-29.6121768951416,-14.331842422485352,7.624332427978516,-22.290285110473633,-14.821130752563477,-12.219514846801758
1975-10-01,18.295228958129883,-18.456741333007812,-6.872190475463867,-34.99909210205078,-8.09461784362793,0.3562774658203125,-30.32948112487793,-29.173559188842773,9.234704971313477,-33.51538848876953,-11.342281341552734,-9.974180221557617
1975-11-01,13.744382858276367,-31.01194953918457,-7.230051040649414,-43.60832977294922,-13.17909049987793,3.6862831115722656,-21.67273712158203,-38.539695739746094,10.26711654663086,-31.87176513671875,-8.02336311340332,-17.422746658325195
1975-12-01,18.9951171875,-43.419898986816406,-5.958538055419922,-52.752777099609375,-13.619290351867676,9.693906784057617,-18.83677101135254,-56.00044250488281,15.361088752746582,-38.13432693481445,0.2866039276123047,-28.248823165893555
1976-01-01,18.87862777709961,-46.90390396118164,-6.665716171264648,-62.31595993041992,-15.504562377929688,13.287702560424805,-25.418193817138672,-70.55096435546875,19.004779815673828,-43.79559326171875,1.005828857421875,-31.185731887817383
1976-02-01,20.66321563720703,-51.889312744140625,-12.371018409729004,-33.52537536621094,-22.496583938598633,10.926191329956055,-18.839942932128906,-52.31654357910156,19.923145294189453,-29.476829528808594,-8.413301467895508,-41.73011016845703
1976-03-01,16.34050941467285,-46.772708892822266,-8.394800186157227,-43.98565673828125,-17.327835083007812,10.541015625,-27.177555084228516,-50.65978240966797,17.371566772460938,-36.48399353027344,-10.578019142150879,-37.017181396484375
1976-04-01,14.951188087463379,-32.13941955566406,-3.194093704223633,-35.94070816040039,-10.44514274597168,11.513204574584961,-23.4317684173584,-33.64311218261719,19.59178924560547,-29.039512634277344,-11.479564666748047,-25.20962905883789
1976-05-01,20.01565170288086,-20.422691345214844,-5.806222915649414,-37.091190338134766,-8.749700546264648,-0.028593063354492188,-30.664316177368164,-32.818939208984375,12.399611473083496,-35.57908248901367,-15.800590515136719,-13.304521560668945
1976-06-01,16.616355895996094,-13.756977081298828,-8.238372802734375,-34.24526596069336,-9.772348403930664,-2.6995906829833984,-28.7333927154541,-23.221521377563477,6.595073699951172,-31.77442741394043,-15.02519416809082,-9.713478088378906
1976-07-01,16.17903709411621,-15.206851959228516,-11.698223114013672,-26.0556697845459,-13.827619552612305,-3.2445526123046875,-28.605562210083008,-18.257976531982422,7.284688949584961,-24.536832809448242,-18.939178466796875,-14.229616165161133
1976-08-01,15.70135498046875,-7.955802917480469,-15.13283920288086,-27.887353897094727,-12.36260986328125,-3.6431846618652344,-29.436464309692383,-13.829301834106445,8.201372146606445,-21.22332000732422,-19.225116729736328,-7.582401275634766
1976-09-01,13.228830337524414,-17.163002014160156,-11.006925582885742,-26.921892166137695,-14.50714111328125,-3.0343055725097656,-29.53401756286621,-19.31426429748535,6.4066925048828125,-32.19996643066406,-14.841856002807617,-10.880775451660156
1976-10-01,8.822023391723633,-24.272762298583984,-10.588111877441406,-36.088722229003906,-13.008489608764648,-7.124898910522461,-19.03673553466797,-31.131908416748047,2.5347557067871094,-25.668811798095703,-19.40004539489746,-10.890869140625
1976-11-01,5.861726760864258,-29.103429794311523,-9.691612243652344,-45.69791793823242,-11.419012069702148,0.15642547607421875,-17.28746795654297,-41.257476806640625,4.218425750732422,-22.526859283447266,-6.664035797119141,-13.647647857666016
1976-12-01,6.038335800170898,-43.941925048828125,-9.245885848999023,-50.079498291015625,-17.29251480102539,0.9604148864746094,-20.111526489257812,-57.470149993896484,3.7037353515625,-36.9246711730957,-6.818777084350586,-33.24953079223633
1977-01-01,7.651630401611328,-48.56884765625,-13.757015228271484,-55.79058074951172,-21.493568420410156,3.506481170654297,-17.08835220336914,-63.2422981262207,8.490219116210938,-29.741409301757812,-9.797628402709961,-37.09228515625
1977-02-01,8.178844451904297,-44.42192840576172,-9.776397705078125,-52.96698760986328,-16.978662490844727,3.573709487915039,-22.480762481689453,-61.52796936035156,8.012542724609375,-33.6654167175293,-2.567056655883789,-31.783023834228516
1977-03-01,4.171688079833984,-37.775184631347656,-11.051963806152344,-42.327239990234375,-17.373188018798828,2.8890419006347656,-26.931978225708008,-45.373741149902344,4.3892974853515625,-34.192623138427734,-11.186422348022461,-31.197433471679688
1977-04-01,0.11853408813476562,-22.296770095825195,-16.44083595275879,-35.891021728515625,-19.597026824951172,-12.447837829589844,-22.884132385253906,-28.556068420410156,-4.115076065063477,-28.299541473388672,-28.33315658569336,-14.944125175476074
1977-05-01,-5.719707489013672,-26.040321350097656,-10.602598190307617,-31.25581169128418,-12.723823547363281,-15.96670150756836,-31.772411346435547,-35.331966400146484,-11.05019760131836,-35.117897033691406,-19.731481552124023,-21.48826026916504
1977-06-01,-7.561405181884766,-16.631908416748047,-7.1633453369140625,-39.314353942871094,-6.110691070556641,-18.259538650512695,-27.85194206237793,-28.14739227294922,-13.026351928710938,-35.625648498535156,-23.595333099365234,-8.369915008544922
1977-07-01,-7.639247894287109,-15.963163375854492,-14.926433563232422,-21.300729751586914,-14.901664733886719,-19.848247528076172,-26.252620697021484,-16.70444107055664,-15.039657592773438,-25.493648529052734,-29.14520263671875,-16.400146484375
1977-08-01,-6.9068145751953125,-10.933429718017578,-12.858280181884766,-18.581523895263672,-13.406723022460938,-17.171504974365234,-25.764331817626953,-12.419527053833008,-15.329803466796875,-29.52734375,-22.93720817565918,-14.402759552001953
1977-09-01,-10.337226867675781,-11.38633918762207,-11.6092529296875,-17.888011932373047,-11.819782257080078,-15.84109115600586,-21.53249168395996,-13.537641525268555,-12.858283996582031,-22.63644790649414,-23.67671775817871,-13.459794998168945
1977-10-01,-15.036121368408203,-21.858016967773438,-14.135616302490234,-28.508302688598633,-13.817167282104492,-15.979087829589844,-15.74378776550293,-23.52280044555664,-13.627864837646484,-24.977052688598633,-17.59610366821289,-11.009506225585938
1977-11-01,-12.874202728271484,-28.899288177490234,-10.846742630004883,-45.31182098388672,-13.27934455871582,-9.71624755859375,-9.086423873901367,-37.66372299194336,-9.90908432006836,-20.343612670898438,-13.11834716796875,-17.153812408447266
1977-12-01,-1.3799476623535156,-47.065059661865234,-16.396610260009766,-40.65891647338867,-22.986743927001953,-4.590980529785156,-10.160306930541992,-52.92983627319336,-2.4697494506835938,-28.77721405029297,-9.445564270019531,-38.923370361328125
1978-01-01,10.073066711425781,-49.87901306152344,-12.72566032409668,-50.01673889160156,-20.00499725341797,4.373380661010742,-20.981016159057617,-65.9748306274414,6.437648773193359,-39.964080810546875,-4.706657409667969,-36.502105712890625
1978-02-01,8.527416229248047,-47.06828308105469,-9.761894226074219,-46.306514739990234,-17.28778648376465,4.920904159545898,-19.641115188598633,-55.86945724487305,10.811031341552734,-29.615558624267578,-5.822109222412109,-34.55006408691406
1978-03-01,11.68842887878418,-46.384727478027344,-10.712408065795898,-34.56366729736328,-19.146303176879883,0.13773155212402344,-21.97574234008789,-46.85403060913086,10.928356170654297,-31.916175842285156,-12.587930679321289,-37.60055160522461
1978-04-01,15.160608291625977,-34.81022644042969,-8.921905517578125,-32.067508697509766,-15.31024169921875,7.141605377197266,-15.959787368774414,-38.4847526550293,13.9227294921875,-23.016372680664062,-9.921730041503906,-25.662166595458984
1978-05-01,17.00042152404785,-21.441818237304688,-11.453775405883789,-31.75293731689453,-13.856412887573242,-4.0690155029296875,-20.2447509765625,-27.95938491821289,8.421993255615234,-23.711830139160156,-18.903148651123047,-12.713756561279297
1978-06-01,18.957561492919922,-13.858114242553711,-7.306541442871094,-28.61233139038086,-8.903202056884766,-4.728761672973633,-32.4517936706543,-20.804176330566406,5.895225524902344,-34.51946258544922,-17.624462127685547,-10.334924697875977
1978-07-01,22.011445999145508,-14.242401123046875,-17.099042892456055,-12.290363311767578,-19.25172996520996,-0.0816192626953125,-29.243173599243164,-9.675174713134766,10.328123092651367,-22.179786682128906,-18.178787231445312,-19.115694046020508
1978-08-01,23.10819435119629,-12.200244903564453,-16.63484001159668,-17.99004364013672,-19.353748321533203,-6.684202194213867,-23.705028533935547,-10.811029434204102,7.566701889038086,-17.156858444213867,-20.4385929107666,-11.622112274169922
1978-09-01,20.23114776611328,-11.627214431762695,-8.966117858886719,-31.9484806060791,-8.694053649902344,-1.9095306396484375,-25.663867950439453,-16.192739486694336,11.069490432739258,-28.386180877685547,-13.504436492919922,-6.1434783935546875
1978-10-01,16.956212997436523,-21.57954978942871,-1.9639396667480469,-37.43391418457031,-6.211498260498047,0.5084152221679688,-24.325666427612305,-30.532060623168945,10.20399284362793,-32.907501220703125,-5.463329315185547,-7.610912322998047
1978-11-01,13.113346099853516,-29.80940055847168,-5.70648193359375,-49.16654968261719,-8.77397346496582,4.961713790893555,-15.738737106323242,-45.94432830810547,9.615663528442383,-31.57779884338379,-7.126304626464844,-18.787521362304688
1978-12-01,16.471603393554688,-45.500526428222656,-10.907951354980469,-43.66581726074219,-18.314815521240234,7.372858047485352,-15.966588973999023,-54.19287872314453,12.51651382446289,-28.976211547851562,-7.874469757080078,-32.34297180175781
1979-01-01,14.858365058898926,-51.35984802246094,-17.352848052978516,-44.031009674072266,-24.932918548583984,8.494316101074219,-20.336414337158203,-56.78883743286133,16.67645263671875,-29.53091049194336,-10.24699592590332,-40.43794250488281
1979-02-01,16.215614318847656,-53.80527114868164,-17.288925170898438,-35.575340270996094,-26.874391555786133,6.777317047119141,-15.557059288024902,-51.35836410522461,17.2145938873291,-28.948171615600586,-16.453468322753906,-43.93289566040039
1979-03-01,16.249805450439453,-49.208763122558594,-8.993807792663574,-44.963096618652344,-17.025800704956055,9.555734634399414,-26.507205963134766,-55.40781021118164,17.821121215820312,-35.48763656616211,-7.525066375732422,-36.865692138671875
1979-04-01,13.679508209228516,-28.566120147705078,-14.462936401367188,-40.82445526123047,-19.780431747436523,0.9692516326904297,-27.063186645507812,-33.11951446533203,12.047245025634766,-29.57699203491211,-17.48812484741211,-24.109352111816406
1979-05-01,16.26913070678711,-27.796070098876953,-14.207244873046875,-42.988914489746094,-17.75273895263672,-4.825439453125,-28.946683883666992,-36.49850845336914,4.658941268920898,-29.736055374145508,-17.717058181762695,-13.73599910736084
1979-06-01,4.679754257202148,-10.148881912231445,-15.730989456176758,-35.42816925048828,-15.815723419189453,-13.868301391601562,-22.392351150512695,-20.745222091674805,-5.284791946411133,-31.108171463012695,-24.6623592376709,-8.36349868774414
1979-07-01,-1.5267181396484375,-15.56597900390625,-10.785137176513672,-31.12601089477539,-12.433753967285156,-15.20622444152832,-33.555084228515625,-26.746545791625977,-9.481405258178711,-31.424814224243164,-23.094017028808594,-13.997636795043945
1979-08-01,0.5827369689941406,-11.782634735107422,-16.37616539001465,-17.300817489624023,-13.697345733642578,-12.916891098022461,-24.03205108642578,-14.59672737121582,-6.182685852050781,-18.111003875732422,-23.731761932373047,-13.067035675048828
1979-09-01,-8.061721801757812,-9.237606048583984,-18.06194305419922,-21.598520278930664,-14.614566802978516,-18.198713302612305,-30.9149169921875,-13.510037422180176,-12.563087463378906,-30.49570083618164,-22.56925392150879,-9.332748413085938
1979-10-01,-12.482810974121094,-20.46723175048828,-15.320690155029297,-36.18633270263672,-12.482810974121094,-14.97580337524414,-13.414896965026855,-29.736059188842773,-11.681543350219727,-23.691625595092773,-18.152626037597656,-10.440252304077148
1979-11-01,-13.680992126464844,-26.374900817871094,-11.135969161987305,-40.747154235839844,-12.92283821105957,-12.885673522949219,-10.221723556518555,-35.4058723449707,-15.268661499023438,-18.027755737304688,-15.882617950439453,-14.144807815551758
1979-12-01,-14.109130859375,-43.71288299560547,-14.253326416015625,-35.316680908203125,-18.579275131225586,-8.926910400390625,-11.455585479736328,-49.11065673828125,-12.586872100830078,-24.394777297973633,-15.677471160888672,-32.744895935058594
1980-01-01,-12.026634216308594,-55.73882293701172,-21.575010299682617,-46.01824951171875,-27.243938446044922,-12.428421020507812,-15.053550720214844,-68.1267318725586,-10.14599609375,-34.170562744140625,-18.235780715942383,-45.42401123046875
1980-02-01,-12.384529113769531,-51.780029296875,-19.557632446289062,-62.85621643066406,-24.35207748413086,-8.133678436279297,-26.676708221435547,-68.5048828125,-8.180946350097656,-40.065704345703125,-12.580360412597656,-38.86372375488281
1980-03-01,-8.986209869384766,-39.454586029052734,-12.946693420410156,-49.109317779541016,-18.558223724365234,-6.504581451416016,-33.42945098876953,-54.06245803833008,-7.2068634033203125,-41.61208724975586,-11.260198593139648,-32.065399169921875
1980-04-01,-11.705877304077148,-26.34413719177246,-19.75514793395996,-34.5301513671875,-22.20301628112793,-20.428733825683594,-28.410476684570312,-28.758241653442383,-17.356233596801758,-29.79816436767578,-26.533212661743164,-18.640947341918945
1980-05-01,-1.6392288208007812,-20.974018096923828,-14.612936019897461,-29.8032283782959,-15.53805923461914,-13.652359008789062,-27.286144256591797,-25.58614158630371,-8.115106582641602,-29.106006622314453,-26.71891212463379,-14.86616325378418
1980-06-01,10.642324447631836,-16.85315704345703,-17.572324752807617,-34.19251251220703,-14.818891525268555,-9.907962799072266,-30.044639587402344,-25.393688201904297,2.282428741455078,-33.66410827636719,-25.591205596923828,-12.51283073425293
1980-07-01,12.190387725830078,-14.385028839111328,-13.802604675292969,-31.484661102294922,-15.85544204711914,-4.7201690673828125,-32.98039245605469,-23.080873489379883,4.076967239379883,-33.18973159790039,-20.2329044342041,-12.09078598022461
1980-08-01,12.980459213256836,-13.594961166381836,-11.64004135131836,-25.727951049804688,-12.084033966064453,-1.8063583374023438,-27.92765235900879,-15.953353881835938,5.996435165405273,-32.875728607177734,-15.728824615478516,-15.948287963867188
1980-09-01,14.742925643920898,-10.118986129760742,-8.113418579101562,-27.787534713745117,-9.842123031616211,0.7343597412109375,-31.591014862060547,-14.440740585327148,11.476285934448242,-29.90283203125,-15.752458572387695,-5.756710052490234
1980-10-01,15.136270523071289,-18.014629364013672,-5.7060699462890625,-32.188636779785156,-9.825241088867188,2.5103321075439453,-25.16409683227539,-27.838180541992188,13.635475158691406,-33.61684036254883,-6.408353805541992,-9.462278366088867
1980-11-01,15.825052261352539,-24.899049758911133,-1.1226425170898438,-43.1010627746582,-4.99365234375,7.941226959228516,-15.438457489013672,-38.833335876464844,14.094663619995117,-28.18932342529297,3.2041759490966797,-12.345701217651367
1980-12-01,15.924654006958008,-49.60564422607422,-5.8664445877075195,-48.47287368774414,-15.403003692626953,10.039640426635742,-20.072528839111328,-65.5741958618164,18.52277183532715,-31.670360565185547,-0.6347579956054688,-34.39002990722656
1981-01-01,19.160112380981445,-49.51347351074219,-3.929292678833008,-48.59401321411133,-12.129230499267578,13.586427688598633,-26.513999938964844,-71.64303588867188,20.598955154418945,-45.321739196777344,0.8001728057861328,-34.352394104003906
1981-02-01,17.308334350585938,-48.215946197509766,-3.8907508850097656,-48.40130615234375,-12.353134155273438,16.6182804107666,-32.001426696777344,-63.610103607177734,23.265588760375977,-43.646148681640625,-2.1032066345214844,-35.871986389160156
1981-03-01,13.40473747253418,-35.960079193115234,-10.110445022583008,-40.51886749267578,-14.803205490112305,6.074710845947266,-16.194332122802734,-39.52415466308594,12.406354904174805,-26.18181610107422,-3.8723983764648438,-26.361669540405273
1981-04-01,16.917423248291016,-35.35077667236328,-10.431617736816406,-39.6948356628418,-16.440258026123047,6.92626953125,-25.045791625976562,-41.52091979980469,18.923362731933594,-34.15785598754883,-13.298294067382812,-26.402048110961914
1981-05-01,14.70960807800293,-26.168970108032227,-10.72342300415039,-41.68792724609375,-14.07644271850586,-6.456445693969727,-28.387798309326172,-33.32648468017578,5.856313705444336,-34.01654052734375,-20.921960830688477,-14.66556167602539
1981-06-01,16.697193145751953,-19.56386947631836,-12.516471862792969,-41.59616470336914,-13.019332885742188,-7.812702178955078,-30.744272232055664,-31.252639770507812,4.057760238647461,-30.514863967895508,-17.504709243774414,-11.560300827026367
1981-07-01,13.474475860595703,-17.69373893737793,-18.64257049560547,-17.324853897094727,-21.144027709960938,-8.385299682617188,-19.437236785888672,-14.918827056884766,2.490447998046875,-15.988784790039062,-22.403017044067383,-17.57444953918457
1981-08-01,18.014909744262695,-17.781831741333008,-16.029159545898438,-14.382932662963867,-19.119735717773438,-3.5971107482910156,-34.39276885986328,-14.983062744140625,9.820472717285156,-27.60597801208496,-14.50589370727539,-21.188074111938477
1981-09-01,6.370185852050781,-11.877803802490234,-8.37979507446289,-25.444042205810547,-10.651847839355469,-9.921417236328125,-34.33954620361328,-19.694175720214844,-2.6482810974121094,-33.25490951538086,-23.09124183654785,-11.578655242919922
1981-10-01,6.669332504272461,-23.04535484313965,-10.973016738891602,-38.347755432128906,-10.543567657470703,-5.922382354736328,-30.542396545410156,-32.058319091796875,-1.1433677673339844,-35.046119689941406,-11.39512825012207,-13.852542877197266
1981-11-01,2.8740158081054688,-27.325183868408203,-4.936847686767578,-48.79589080810547,-8.39080810546875,-2.6739730834960938,-31.10948944091797,-41.21443176269531,1.8591156005859375,-47.13314437866211,-4.8414154052734375,-16.93944549560547
1981-12-01,1.7361564636230469,-42.36697006225586,-10.717916488647461,-42.47525405883789,-15.487756729125977,-3.8999252319335938,-10.74728012084961,-53.03166580200195,-1.1947555541992188,-29.654129028320312,-8.300878524780273,-29.73671531677246
1982-01-01,3.057394027709961,-55.049224853515625,-15.581374168395996,-50.7203483581543,-23.941478729248047,-0.34294700622558594,-25.701501846313477,-63.142417907714844,3.0848922729492188,-37.12709045410156,-10.15733528137207,-42.67568588256836
1982-02-01,3.2288646697998047,-53.18891143798828,-16.30123519897461,-47.74869155883789,-22.81719970703125,0.8573627471923828,-19.366714477539062,-65.41685485839844,6.135812759399414,-36.50590133666992,-13.77120304107666,-43.279075622558594
1982-03-01,-0.207061767578125,-47.980018615722656,-13.348992347717285,-38.35651397705078,-21.974393844604492,-1.0708961486816406,-22.94499397277832,-46.98838806152344,3.6478404998779297,-33.47762680053711,-18.739059448242188,-43.115692138671875
1982-04-01,-7.973482131958008,-35.85559844970703,-23.097057342529297,-29.491697311401367,-29.71978759765625,-13.656349182128906,-14.843717575073242,-31.5590763092041,-9.057321548461914,-20.04613494873047,-26.510334014892578,-30.776124954223633
1982-05-01,-13.947530746459961,-23.145586013793945,-13.467081069946289,-37.84209442138672,-16.183143615722656,-19.237300872802734,-24.418691635131836,-28.160356521606445,-17.024333953857422,-24.17280387878418,-22.498519897460938,-13.824586868286133
1982-06-01,-12.190742492675781,-22.5955810546875,-10.930580139160156,-34.68926239013672,-11.84617805480957,-17.687576293945312,-27.836822509765625,-30.541563034057617,-18.701854705810547,-32.382469177246094,-27.830350875854492,-12.297508239746094
1982-07-01,-12.077507019042969,-15.353282928466797,-11.538822174072266,-36.40399169921875,-8.034954071044922,-16.57300567626953,-31.578487396240234,-28.23476791381836,-15.817554473876953,-30.60626792907715,-22.718523025512695,-8.670700073242188
1982-08-01,-5.016387939453125,-14.402093887329102,-14.808126449584961,-10.639398574829102,-16.230056762695312,-13.1888427734375,-27.348285675048828,-10.401603698730469,-9.013641357421875,-21.665420532226562,-20.241870880126953,-16.60373878479004
1982-09-01,1.2520713806152344,-11.017934799194336,-13.41855239868164,-24.1048641204834,-11.860738754272461,-7.897451400756836,-31.62540054321289,-15.71887493133545,0.2119140625,-32.35335159301758,-14.749893188476562,-7.965394973754883
1982-10-01,3.5151920318603516,-23.68427085876465,-7.45421028137207,-37.23870086669922,-9.306440353393555,1.0870742797851562,-19.26318359375,-34.63264083862305,6.671258926391602,-25.198406219482422,-8.05760383605957,-14.366506576538086
1982-11-01,2.30517578125,-26.405187606811523,-5.893163681030273,-36.91679000854492,-10.807636260986328,6.3865509033203125,-8.246868133544922,-38.53607177734375,6.967292785644531,-24.321632385253906,-5.998310089111328,-18.311996459960938
1982-12-01,15.62828540802002,-38.586219787597656,-9.469826698303223,-51.47418212890625,-16.293148040771484,6.3914031982421875,-8.934379577636719,-48.50090789794922,9.880714416503906,-23.627653121948242,-4.862709045410156,-24.619281768798828
1983-01-01,14.318042755126953,-45.37327575683594,-13.247564315795898,-48.796199798583984,-18.407981872558594,6.51234245300293,-9.731908798217773,-62.37239074707031,13.737253189086914,-30.328022003173828,-3.3285675048828125,-32.73578643798828
1983-02-01,13.969890594482422,-50.0619010925293,-12.792041778564453,-49.61776351928711,-19.881921768188477,6.518850326538086,-19.328784942626953,-59.038944244384766,15.800117492675781,-31.665306091308594,-4.128984451293945,-36.21727752685547
1983-03-01,16.870594024658203,-40.17055892944336,-12.474803924560547,-42.0528450012207,-18.746370315551758,4.68699836730957,-13.981281280517578,-44.22145462036133,12.234027862548828,-24.412738800048828,-3.9109840393066406,-32.54218673706055
1983-04-01,17.539236068725586,-24.152442932128906,-11.43848991394043,-24.46317481994629,-17.4578914642334,-1.3307743072509766,-14.20416259765625,-23.285324096679688,9.621281623840332,-23.391071319580078,-22.613428115844727,-16.20032501220703
1983-05-01,17.630340576171875,-20.82062339782715,-11.672758102416992,-32.760189056396484,-13.969894409179688,-8.10341739654541,-23.854726791381836,-25.886680603027344,11.568639755249023,-24.785293579101562,-26.018457412719727,-12.141294479370117
1983-06-01,15.847295761108398,-23.273935317993164,-4.904998779296875,-39.866336822509766,-7.976518630981445,-8.191268920898438,-35.24604034423828,-36.02204895019531,4.687000274658203,-36.428768157958984,-17.50181770324707,-13.607101440429688
1983-07-01,14.283878326416016,-14.223684310913086,-10.039386749267578,-29.07696533203125,-9.460220336914062,-6.577415466308594,-36.402740478515625,-22.67850112915039,7.148445129394531,-33.87947082519531,-22.099340438842773,-11.316474914550781
1983-08-01,18.705698013305664,-13.229671478271484,-16.525697708129883,-18.297353744506836,-15.508905410766602,-6.374057769775391,-24.521739959716797,-10.415193557739258,5.778627395629883,-21.019102096557617,-24.10038185119629,-13.04095458984375
1983-09-01,15.717147827148438,-9.684728622436523,-13.486713409423828,-28.157787322998047,-10.467252731323242,-8.612625122070312,-29.17620277404785,-17.39932632446289,4.636566162109375,-27.409425735473633,-16.680252075195312,-7.789430618286133
1983-10-01,10.945550918579102,-13.932474136352539,-1.947357177734375,-37.277992248535156,-5.194583892822266,-5.1051025390625,-30.80794906616211,-26.591114044189453,4.026491165161133,-33.62079620361328,-14.589729309082031,-10.097953796386719
1983-11-01,7.576313018798828,-33.15876770019531,-6.19672966003418,-48.05109786987305,-11.012252807617188,-1.3763275146484375,-14.374980926513672,-47.979515075683594,1.4056110382080078,-32.140350341796875,-4.81226921081543,-19.554922103881836
1983-12-01,9.033981323242188,-47.493080139160156,-12.554519653320312,-49.507137298583984,-18.824459075927734,5.087207794189453,-16.32884979248047,-60.91959762573242,10.83004379272461,-31.77756118774414,-3.1024322509765625,-34.22761535644531
1984-01-01,15.976749420166016,-51.31726837158203,-9.799510955810547,-42.50375747680664,-16.993892669677734,5.985225677490234,-27.362518310546875,-69.60334777832031,12.790393829345703,-44.99645233154297,-6.362331390380859,-38.57703399658203
1984-02-01,17.225690841674805,-53.66465377807617,-6.8172760009765625,-39.953983306884766,-15.45261001586914,4.426645278930664,-30.213287353515625,-62.46604919433594,11.579509735107422,-53.35500717163086,-6.934906005859375,-40.414119720458984
1984-03-01,11.911638259887695,-46.655357360839844,-9.650745391845703,-48.999290466308594,-16.763826370239258,7.334497451782227,-30.877540588378906,-53.391334533691406,15.971561431884766,-36.21062469482422,-8.624954223632812,-36.21062469482422
1984-04-01,10.932552337646484,-27.867631912231445,-16.49742889404297,-32.5208854675293,-22.271617889404297,-8.107734680175781,-24.39239501953125,-30.306697845458984,4.947324752807617,-25.139684677124023,-22.128040313720703,-24.392393112182617
1984-05-01,1.4271125793457031,-26.58063507080078,-13.421783447265625,-35.90617370605469,-16.545866012573242,-14.392219543457031,-22.506874084472656,-34.1607666015625,-9.764915466308594,-25.92848777770996,-16.912588119506836,-19.514259338378906
1984-06-01,-3.5063743591308594,-12.011970520019531,-10.434364318847656,-23.51363754272461,-10.122989654541016,-19.370683670043945,-34.719505310058594,-16.096107482910156,-15.049558639526367,-33.70409393310547,-21.917001724243164,-11.178192138671875
1984-07-01,-10.910064697265625,-13.354320526123047,-18.91054916381836,-14.971717834472656,-18.670103073120117,-18.841358184814453,-34.97206115722656,-10.69383430480957,-16.533756256103516,-27.333112716674805,-19.164833068847656,-20.981163024902344
1984-08-01,-4.110088348388672,-13.397567749023438,-19.251327514648438,-18.05600929260254,-18.196128845214844,-20.131813049316406,-28.282791137695312,-9.021087646484375,-16.763824462890625,-16.980052947998047,-25.513328552246094,-14.694942474365234
1984-09-01,-13.189987182617188,-13.138090133666992,-18.2099666595459,-25.48910903930664,-16.099567413330078,-17.116710662841797,-30.861974716186523,-17.412513732910156,-15.924854278564453,-30.839487075805664,-16.082271575927734,-14.909444808959961
1984-10-01,-11.057098388671875,-20.991540908813477,-9.887733459472656,-37.74671936035156,-10.953310012817383,-16.04248046875,-25.88524055480957,-31.232158660888672,-17.087303161621094,-32.145511627197266,-12.397720336914062,-11.64697265625
1984-11-01,-18.073307037353516,-28.46269416809082,-10.897958755493164,-46.42529296875,-10.794166564941406,-13.463298797607422,-18.313756942749023,-45.077754974365234,-15.69305419921875,-35.81102752685547,-15.042640686035156,-19.0800724029541
1984-12-01,-13.572280883789062,-42.363643646240234,-13.580928802490234,-48.637752532958984,-17.67371940612793,-11.678112030029297,-20.982891082763672,-60.85903549194336,-11.408256530761719,-34.48597717285156,-13.641473770141602,-33.04156494140625
1985-01-01,-10.424602508544922,-47.6397590637207,-16.095083236694336,-52.56273651123047,-19.136106491088867,-6.1031494140625,-17.85919189453125,-63.43760299682617,-5.119960784912109,-32.50675582885742,-9.597951889038086,-35.28923034667969
1985-02-01,0.02989959716796875,-43.976112365722656,-19.804462432861328,-37.011131286621094,-24.727439880371094,-6.03631591796875,-25.119659423828125,-56.06456756591797,-2.0402450561523438,-35.48446273803711,-16.482025146484375,-35.73949432373047
1985-03-01,1.5583267211914062,-38.3671875,-23.155038833618164,-35.13445281982422,-28.644359588623047,-8.943668365478516,-24.685224533081055,-35.713111877441406,-1.802804946899414,-25.930477142333984,-22.551761627197266,-33.0220947265625
1985-04-01,11.02436637878418,-29.4041748046875,-18.552173614501953,-23.862091064453125,-23.209562301635742,-7.2428741455078125,-20.214271545410156,-28.614459991455078,2.383220672607422,-23.825157165527344,-20.04894256591797,-23.144487380981445
1985-05-01,10.257516860961914,-15.94734001159668,-11.812324523925781,-32.0353889465332,-12.932699203491211,-5.336299896240234,-23.09172248840332,-21.995969772338867,3.776214599609375,-27.279504776000977,-18.172266006469727,-15.398584365844727
1985-06-01,14.944807052612305,-19.47555923461914,-10.461540222167969,-41.126800537109375,-13.484975814819336,-5.061920166015625,-30.14640235900879,-28.607421875,5.313436508178711,-31.296680450439453,-19.215253829956055,-10.153745651245117
1985-07-01,16.010658264160156,-14.343286514282227,-10.765819549560547,-23.863849639892578,-13.535980224609375,-2.3937721252441406,-33.28767776489258,-18.21095848083496,6.28782844543457,-26.597078323364258,-12.767372131347656,-15.831258773803711
1985-08-01,23.710830688476562,-14.239513397216797,-12.343494415283203,-13.282707214355469,-16.580520629882812,1.3543014526367188,-27.819467544555664,-7.682582855224609,10.04997444152832,-19.438627243041992,-14.014385223388672,-14.517410278320312
1985-09-01,18.699914932250977,-7.663236618041992,-6.059181213378906,-34.967369079589844,-7.911231994628906,1.5671195983886719,-28.89411163330078,-17.273502349853516,10.844964981079102,-26.240032196044922,-14.563140869140625,-3.1993179321289062
1985-10-01,17.794116973876953,-15.664169311523438,-7.923545837402344,-33.66407012939453,-9.02633285522461,0.2515125274658203,-27.589061737060547,-26.25762367248535,9.752731323242188,-32.71430206298828,-11.516841888427734,-10.698984146118164
1985-11-01,15.491804122924805,-37.195804595947266,-8.873313903808594,-48.20610046386719,-14.918424606323242,5.163934707641602,-19.190628051757812,-48.260623931884766,13.560604095458984,-31.17531967163086,-2.8686580657958984,-23.058305740356445
1985-12-01,13.681962966918945,-40.674781799316406,-6.447883605957031,-62.670753479003906,-14.098807334899902,9.344680786132812,-23.360824584960938,-58.36512756347656,18.608457565307617,-37.99079895019531,-0.5733795166015625,-25.886507034301758
1986-01-01,18.503305435180664,-51.91648864746094,-6.808856964111328,-54.96373748779297,-16.5134334564209,10.155838012695312,-27.210451126098633,-67.27763366699219,17.246105194091797,-42.773075103759766,-3.0439205169677734,-34.45391082763672
1986-02-01,16.699932098388672,-57.458160400390625,-9.599672317504883,-54.345970153808594,-19.20100975036621,10.337339401245117,-26.404510498046875,-69.23919677734375,18.629858016967773,-35.088340759277344,-4.853954315185547,-41.01632308959961
1986-03-01,20.624723434448242,-55.39335250854492,-8.700483322143555,-39.19963073730469,-19.407489776611328,10.145843505859375,-19.92535400390625,-53.231971740722656,19.677244186401367,-28.818994522094727,-7.5848236083984375,-42.475013732910156
1986-04-01,17.09457778930664,-32.74046325683594,-5.67820930480957,-35.038387298583984,-13.684319496154785,9.929372787475586,-31.191856384277344,-36.125736236572266,18.055374145507812,-34.17583084106445,-14.272123336791992,-26.149738311767578
1986-05-01,18.16527557373047,-25.305500030517578,-11.960874557495117,-34.74198913574219,-15.720817565917969,-1.953237533569336,-28.64582061767578,-30.43920135498047,10.130859375,-29.24195098876953,-14.143903732299805,-18.45168685913086
1986-06-01,16.5417423248291,-18.952899932861328,-9.509754180908203,-34.3256950378418,-11.416366577148438,-7.0153350830078125,-28.98884391784668,-26.399513244628906,7.787971496582031,-32.67551803588867,-19.19767951965332,-12.333871841430664
1986-07-01,14.633464813232422,-13.074871063232422,-12.410469055175781,-32.06773376464844,-10.896835327148438,-6.359260559082031,-32.07605743408203,-22.9060001373291,5.63824462890625,-31.536542892456055,-15.143003463745117,-12.177347183227539
1986-08-01,17.675718307495117,-14.551870346069336,-16.841472625732422,-10.888509750366211,-18.59488868713379,-2.9173660278320312,-28.7041015625,-11.502954483032227,10.935134887695312,-26.689254760742188,-13.70596694946289,-21.66878318786621
1986-09-01,14.163887023925781,-11.131624221801758,-13.269695281982422,-33.8760986328125,-11.62118148803711,-4.882259368896484,-29.408466339111328,-20.39826202392578,7.241798400878906,-32.9669189453125,-15.068069458007812,-5.181987762451172
1986-10-01,13.346290588378906,-27.858198165893555,-9.326583862304688,-41.1495361328125,-12.635265350341797,-3.440227508544922,-22.39812469482422,-38.39369201660156,7.225149154663086,-31.901214599609375,-11.94588851928711,-13.021585464477539
1986-11-01,10.515514373779297,-27.002304077148438,-7.256786346435547,-54.78556823730469,-9.841119766235352,0.0366363525390625,-23.26734161376953,-45.272483825683594,6.594049453735352,-35.944236755371094,-8.916955947875977,-16.523426055908203
1986-12-01,2.4661083221435547,-39.5210075378418,-7.986127853393555,-52.62252426147461,-12.58364486694336,4.10296630859375,-21.845291137695312,-53.684898376464844,7.6630859375,-37.61106491088867,-2.629291534423828,-26.316255569458008
1987-01-01,11.065105438232422,-45.36909103393555,-12.737287521362305,-48.83516311645508,-17.963912963867188,4.308002471923828,-20.47802734375,-58.86161804199219,9.392915725708008,-32.261688232421875,-6.298622131347656,-32.30836868286133
1987-02-01,10.003105163574219,-43.83528137207031,-8.422616004943848,-38.075157165527344,-13.809288024902344,7.689056396484375,-14.59786605834961,-53.264869689941406,12.884002685546875,-29.092369079589844,-6.176919937133789,-31.94992446899414
1987-03-01,3.8728694915771484,-39.26885986328125,-14.352789878845215,-42.31647491455078,-20.46635627746582,-2.520784378051758,-25.59961700439453,-42.89999008178711,5.893495559692383,-29.170726776123047,-13.752604484558105,-30.867919921875
1987-04-01,-6.041877746582031,-29.49582862854004,-13.5108642578125,-31.24136734008789,-18.252334594726562,-3.4560718536376953,-14.792926788330078,-30.587833404541016,-1.7755508422851562,-21.60837745666504,-12.822315216064453,-23.652345657348633
1987-05-01,-18.349029541015625,-21.591705322265625,-12.483879089355469,-27.925338745117188,-15.159708023071289,-23.19553565979004,-26.941699981689453,-25.979734420776367,-18.56243133544922,-28.315460205078125,-26.603260040283203,-15.30975341796875
1987-06-01,-13.199100494384766,-22.103530883789062,-14.922967910766602,-27.268468856811523,-17.043624877929688,-18.1556396484375,-34.222293853759766,-26.41653823852539,-16.598487854003906,-33.65045166015625,-29.76424217224121,-15.779901504516602
1987-07-01,-12.962356567382812,-9.719684600830078,-14.856281280517578,-30.322750091552734,-12.190452575683594,-17.783855438232422,-32.09663391113281,-16.05998992919922,-15.214725494384766,-32.765174865722656,-22.348608016967773,-9.184516906738281
1987-08-01,-10.284862518310547,-11.51024055480957,-16.83022689819336,-23.452281951904297,-14.331117630004883,-19.90785026550293,-31.653162002563477,-14.58786392211914,-14.369464874267578,-28.04537582397461,-29.222408294677734,-11.038429260253906
1987-09-01,0.9269523620605469,-14.217748641967773,-15.171377182006836,-15.68820571899414,-15.793235778808594,-6.495353698730469,-24.702672958374023,-14.636209487915039,1.2737274169921875,-26.55991554260254,-15.131366729736328,-13.275787353515625
1987-10-01,11.493570327758789,-14.164400100708008,-11.27850341796875,-33.21364974975586,-11.531915664672852,0.09169578552246094,-20.409669876098633,-22.485315322875977,8.48430061340332,-26.656612396240234,-11.838678359985352,-9.467941284179688
1987-11-01,18.36570167541504,-28.898975372314453,-2.339059829711914,-40.107452392578125,-8.262565612792969,7.539007186889648,-23.062164306640625,-39.513938903808594,11.953712463378906,-32.58012008666992,-5.943511962890625,-19.674442291259766
1987-12-01,11.863685607910156,-28.545530319213867,-2.400745391845703,-45.84589767456055,-7.460650444030762,10.649972915649414,-6.980503082275391,-45.037315368652344,14.966314315795898,-21.620044708251953,0.11837005615234375,-16.016639709472656
1988-01-01,14.559101104736328,-33.791595458984375,-4.518226623535156,-48.455810546875,-10.588132858276367,12.81387710571289,-18.506710052490234,-53.38447952270508,20.705759048461914,-33.23933029174805,0.2369232177734375,-24.676725387573242
1988-02-01,12.640356063842773,-47.94358825683594,-5.093849182128906,-51.348941802978516,-12.77550220489502,10.875110626220703,-30.504703521728516,-62.62948989868164,15.575199127197266,-39.83480453491211,-2.4126129150390625,-33.06914520263672
1988-03-01,16.571279525756836,-39.53114700317383,-4.761823654174805,-45.97479248046875,-13.014093399047852,6.238422393798828,-26.797351837158203,-46.27511215209961,12.655372619628906,-34.00849914550781,-8.901307106018066,-27.04929542541504
1988-04-01,11.742715835571289,-33.950096130371094,-8.01201057434082,-33.593048095703125,-14.921159744262695,5.682821273803711,-24.074405670166016,-38.25810241699219,12.345035552978516,-29.72052001953125,-9.703842163085938,-26.63217544555664
1988-05-01,16.065732955932617,-24.03603172302246,-7.656625747680664,-39.891536712646484,-11.47909927368164,-3.668973922729492,-29.919069290161133,-34.62750244140625,8.417449951171875,-34.26544189453125,-16.057392120361328,-16.14915657043457
1988-06-01,19.254186630249023,-18.169677734375,-5.832984924316406,-36.6213264465332,-6.620502471923828,-6.298488616943359,-32.49352264404297,-31.602558135986328,4.943687438964844,-35.1881103515625,-15.473424911499023,-10.242759704589844
1988-07-01,20.26527976989746,-14.223737716674805,-10.442974090576172,-25.591047286987305,-12.328353881835938,-3.967632293701172,-27.096012115478516,-20.41544532775879,8.63935661315918,-19.524478912353516,-23.4237003326416,-15.363304138183594
1988-08-01,19.953275680541992,-18.571781158447266,-12.413444519042969,-8.325681686401367,-15.493444442749023,-5.707847595214844,-25.340776443481445,-13.74488639831543,7.389669418334961,-22.112281799316406,-16.809871673583984,-18.61682891845703
1988-09-01,18.585126876831055,-11.997993469238281,-8.469169616699219,-21.121206283569336,-12.638687133789062,-4.041044235229492,-33.90338134765625,-15.391670227050781,7.44139289855957,-35.65194320678711,-14.81437873840332,-11.61758041381836
1988-10-01,18.92549705505371,-21.548336029052734,-4.209556579589844,-37.939422607421875,-6.852422714233398,-4.995410919189453,-40.10676956176758,-35.41668701171875,6.296819686889648,-40.33201217651367,-10.508045196533203,-10.673227310180664
1988-11-01,16.135807037353516,-40.64234924316406,-7.286226272583008,-41.231319427490234,-16.35437774658203,0.3336944580078125,-23.42369842529297,-48.128787994384766,4.806873321533203,-39.24082946777344,-4.638357162475586,-26.044872283935547
1988-12-01,17.195287704467773,-37.61740493774414,-5.694499969482422,-52.805519104003906,-12.61366081237793,8.135475158691406,-19.82980728149414,-58.466651916503906,14.395591735839844,-37.13188171386719,1.5767059326171875,-25.205629348754883
1989-01-01,18.454240798950195,-43.077484130859375,-8.499139785766602,-51.783111572265625,-16.757125854492188,3.0852527618408203,-18.220623016357422,-60.552040100097656,14.010995864868164,-40.50618362426758,-7.6671600341796875,-31.642301559448242
1989-02-01,19.6524715423584,-46.27275848388672,-8.995012283325195,-49.841827392578125,-17.24094009399414,7.968603134155273,-21.56209945678711,-66.57182312011719,19.93431854248047,-41.47984313964844,-9.644617080688477,-35.741905212402344
1989-03-01,20.586938858032227,-48.186912536621094,-11.20759105682373,-25.36478614807129,-20.333728790283203,5.890163421630859,-20.175472259521484,-46.18232727050781,15.409683227539062,-32.49237060546875,-15.2288179397583,-43.83409881591797
1989-04-01,20.63818359375,-34.254295349121094,-14.084848403930664,-32.02362823486328,-20.51609992980957,2.886301040649414,-20.6427059173584,-40.67649841308594,13.842188835144043,-25.833526611328125,-17.358501434326172,-27.696435928344727
1989-05-01,11.727577209472656,-23.935955047607422,-8.413228988647461,-42.24851989746094,-10.146516799926758,-6.456874847412109,-27.078479766845703,-34.83305740356445,1.5056991577148438,-29.869829177856445,-14.096906661987305,-13.23026180267334
1989-06-01,6.297111511230469,-17.56951141357422,-11.151824951171875,-38.160972595214844,-10.759950637817383,-9.887275695800781,-35.28070068359375,-27.492961883544922,-5.448553085327148,-32.62952423095703,-20.33372688293457,-10.84284782409668
1989-07-01,5.629421234130859,-16.668201446533203,-14.948478698730469,-28.398792266845703,-15.156473159790039,-12.514339447021484,-31.060522079467773,-21.26066017150879,-3.0792236328125,-27.86524200439453,-23.134117126464844,-12.488714218139648
1989-08-01,5.095867156982422,-15.295137405395508,-15.98845100402832,-13.124759674072266,-16.173837661743164,-8.410213470458984,-27.054363250732422,-10.292718887329102,-1.731781005859375,-21.679664611816406,-19.76852798461914,-15.561910629272461
1989-09-01,1.219329833984375,-7.548093795776367,-14.853525161743164,-14.541532516479492,-14.65005111694336,-11.973251342773438,-31.90304946899414,-6.633218765258789,-1.5403633117675781,-29.129789352416992,-18.16937828063965,-8.689046859741211
1989-10-01,-8.360475540161133,-18.984779357910156,-8.83976936340332,-30.751541137695312,-9.798351287841797,-14.41341781616211,-30.303903579711914,-29.20062828063965,-10.184198379516602,-38.21824645996094,-18.062368392944336,-9.397436141967773
1989-11-01,-15.258962631225586,-32.563209533691406,-13.350839614868164,-30.023563385009766,-15.77442741394043,-15.249917984008789,-17.465511322021484,-35.933319091796875,-14.538516998291016,-28.947416305541992,-21.37068748474121,-22.01728057861328
1989-12-01,-13.168466567993164,-45.37898635864258,-18.075931549072266,-46.355655670166016,-21.201879501342773,-8.788522720336914,-4.200586318969727,-57.0628547668457,-7.193899154663086,-18.41806983947754,-11.099071502685547,-33.91969299316406
1990-01-01,-8.144229888916016,-49.780494689941406,-18.48603057861328,-50.368553161621094,-23.491792678833008,-10.008298873901367,-16.157958984375,-62.15392303466797,-8.144229888916016,-31.837413787841797,-11.053918838500977,-35.986053466796875
1990-02-01,-16.156347274780273,-40.6840934753418,-32.520530700683594,-31.71818733215332,-34.576324462890625,-24.92569351196289,-9.87618637084961,-37.47312545776367,-20.40004539489746,-20.87210464477539,-30.10223388671875,-37.387733459472656
1990-03-01,-11.614587783813477,-43.6405029296875,-19.824874877929688,-38.19168472290039,-23.17279052734375,-12.552265167236328,-17.029577255249023,-52.41307067871094,-10.878305435180664,-28.39282989501953,-15.014060974121094,-35.44633102416992
1990-04-01,-0.8216705322265625,-34.60210037231445,-20.720659255981445,-29.923398971557617,-24.582523345947266,-15.511896133422852,-22.241561889648438,-40.54875946044922,-7.98956298828125,-32.151580810546875,-27.76127052307129,-29.696229934692383
1990-05-01,3.1030235290527344,-20.382322311401367,-11.33747673034668,-32.415802001953125,-11.701589584350586,-14.103775024414062,-26.067977905273438,-31.3814640045166,-0.44628143310546875,-31.85835838317871,-24.980472564697266,-12.487818717956543
1990-06-01,14.309999465942383,-11.825645446777344,-9.752132415771484,-35.50593948364258,-8.998125076293945,-5.642154693603516,-31.611854553222656,-21.95478057861328,5.102428436279297,-32.50602722167969,-21.800113677978516,-8.882123947143555
1990-07-01,15.157449722290039,-15.631122589111328,-11.324588775634766,-17.090797424316406,-13.154823303222656,-0.48172569274902344,-27.03304100036621,-18.745420455932617,11.034584045410156,-25.739309310913086,-14.69183349609375,-19.578372955322266
1990-08-01,22.01278305053711,-14.010332107543945,-9.731185913085938,-19.288372039794922,-11.948091506958008,0.249725341796875,-29.04533576965332,-12.758487701416016,12.405649185180664,-20.823772430419922,-14.606447219848633,-14.251998901367188
1990-09-01,19.75237274169922,-9.866519927978516,-11.44703483581543,-20.939773559570312,-10.433635711669922,4.227588653564453,-30.318124771118164,-11.313310623168945,13.807329177856445,-29.71556282043457,-12.919599533081055,-8.638843536376953
1990-10-01,15.284727096557617,-21.319997787475586,-9.652242660522461,-28.357385635375977,-13.319158554077148,1.7110118865966797,-20.942995071411133,-26.98954200744629,10.831583023071289,-28.34449577331543,-12.297706604003906,-12.255817413330078
1990-11-01,15.558621406555176,-33.88031768798828,-1.0198402404785156,-35.267494201660156,-9.642574310302734,13.267601013183594,-20.163211822509766,-43.759727478027344,17.641803741455078,-29.863788604736328,-6.8005523681640625,-23.662572860717773
1990-12-01,14.216553688049316,-40.94670867919922,-4.383867263793945,-46.149024963378906,-11.530811309814453,9.980911254882812,-16.024234771728516,-54.11764144897461,17.58541488647461,-33.70954132080078,-3.6185836791992188,-28.871334075927734
1991-01-01,15.883699417114258,-54.07490158081055,-9.217458724975586,-41.04265594482422,-17.556682586669922,12.27121353149414,-18.62276840209961,-66.51630401611328,19.676008224487305,-38.600616455078125,-3.5209693908691406,-38.57974624633789
1991-02-01,20.26042938232422,-52.52394485473633,-5.341663360595703,-45.4242057800293,-14.729310989379883,14.334344863891602,-26.76129722595215,-63.60383987426758,20.260427474975586,-37.5457763671875,-2.014965057373047,-38.229732513427734
1991-03-01,8.502988815307617,-37.091400146484375,-7.790124893188477,-40.23185348510742,-13.274682998657227,9.906240463256836,-20.889801025390625,-38.913700103759766,16.209625244140625,-28.368450164794922,-8.769512176513672,-31.31142234802246
1991-04-01,16.366968154907227,-25.603694915771484,-10.745941162109375,-31.7096004486084,-17.490856170654297,2.6539745330810547,-23.256383895874023,-28.954479217529297,12.494384765625,-28.895071029663086,-15.249506950378418,-22.268970489501953
1991-05-01,10.342948913574219,-23.922685623168945,-9.150026321411133,-28.832456588745117,-11.876251220703125,-2.904438018798828,-28.77786636352539,-27.437232971191406,8.886714935302734,-33.0550537109375,-19.178285598754883,-19.502605438232422
1991-06-01,6.497659683227539,-13.380647659301758,-8.877082824707031,-36.48771667480469,-6.638946533203125,-6.765785217285156,-32.571781158447266,-22.999492645263672,2.3248367309570312,-33.625022888183594,-16.90161895751953,-9.83559799194336
1991-07-01,9.203010559082031,-10.410383224487305,-13.924930572509766,-32.77889633178711,-12.942337036132812,-9.947982788085938,-32.758026123046875,-20.661815643310547,-2.3135986328125,-32.47865676879883,-21.25586700439453,-9.037639617919922
1991-08-01,9.432601928710938,-8.958967208862305,-14.578388214111328,-20.23152732849121,-13.682491302490234,-9.750503540039062,-18.128257751464844,-15.636445999145508,0.9745674133300781,-20.464332580566406,-21.09210205078125,-12.470300674438477
1991-09-01,4.4842987060546875,-6.048105239868164,-13.555654525756836,-25.11079216003418,-11.182649612426758,-10.98516845703125,-29.710691452026367,-11.306278228759766,-1.5509605407714844,-27.687698364257812,-22.081119537353516,-2.5640640258789062
1991-10-01,5.9565887451171875,-15.952739715576172,-9.612422943115234,-29.54853057861328,-9.557836532592773,-7.3132781982421875,-29.32375144958496,-21.279951095581055,2.6973228454589844,-35.4312629699707,-17.478008270263672,-7.013038635253906
1991-11-01,-2.2124481201171875,-26.46748161315918,-11.402610778808594,-51.0596809387207,-12.08015251159668,-2.2702484130859375,-13.968278884887695,-42.465171813964844,0.8332786560058594,-28.92718505859375,-6.638946533203125,-16.651153564453125
1991-12-01,-0.052982330322265625,-41.36858367919922,-16.57569122314453,-46.576988220214844,-20.692319869995117,-8.549551010131836,-14.409807205200195,-51.75970458984375,-3.704000473022461,-28.065004348754883,-8.7711181640625,-28.16775894165039
1992-01-01,-2.4412498474121094,-46.10292053222656,-26.82614517211914,-58.59809494018555,-29.178119659423828,-0.5015602111816406,-17.666593551635742,-58.97467041015625,1.783864974975586,-29.439451217651367,-5.585330963134766,-35.84773254394531
1992-02-01,8.864137649536133,-55.28033447265625,-17.49778175354004,-39.93000793457031,-24.97897720336914,1.3813190460205078,-13.402521133422852,-60.8624153137207,8.018463134765625,-30.095212936401367,-11.727409362792969,-44.93099594116211
1992-03-01,-3.470338821411133,-34.95336151123047,-19.349821090698242,-37.521217346191406,-22.30561637878418,-7.499050140380859,-9.255319595336914,-38.41883087158203,-2.689594268798828,-17.799694061279297,-20.119205474853516,-27.136171340942383
1992-04-01,-5.194147109985352,-38.09906768798828,-21.302494049072266,-40.149131774902344,-27.615007400512695,-10.40452766418457,-19.672832489013672,-39.54855728149414,-5.505796432495117,-24.923791885375977,-20.768470764160156,-30.51885986328125
1992-05-01,-8.705066680908203,-26.079486846923828,-16.205738067626953,-31.463544845581055,-19.51700782775879,-17.804563522338867,-25.37665367126465,-34.859222412109375,-10.630147933959961,-25.547086715698242,-19.81242561340332,-17.049785614013672
1992-06-01,-10.139949798583984,-16.299880981445312,-14.707550048828125,-37.90266418457031,-13.081134796142578,-19.84975814819336,-30.580541610717773,-27.5484561920166,-14.506278991699219,-33.14352798461914,-27.473791122436523,-8.354459762573242
1992-07-01,-11.690078735351562,-7.382179260253906,-12.806816101074219,-26.762842178344727,-12.513025283813477,-19.29787826538086,-24.8377628326416,-16.299884796142578,-16.791702270507812,-24.834516525268555,-24.19011688232422,-10.357454299926758
1992-08-01,-9.067031860351562,-8.344720840454102,-14.09074592590332,-10.117223739624023,-15.528875350952148,-16.444347381591797,-25.370161056518555,-4.624412536621094,-13.850517272949219,-22.721145629882812,-21.61739158630371,-14.964014053344727
1992-09-01,-9.325119018554688,-8.15156364440918,-8.214866638183594,-21.10771369934082,-5.59344482421875,-11.925437927246094,-30.629234313964844,-15.100358963012695,-8.878746032714844,-26.12331199645996,-16.5092716217041,-12.248449325561523
1992-10-01,-9.888359069824219,-21.442087173461914,-6.732912063598633,-32.37738800048828,-10.139949798583984,-13.228843688964844,-21.67906951904297,-31.361284255981445,-11.422256469726562,-30.60326385498047,-15.986610412597656,-9.62864875793457
1992-11-01,-3.382688522338867,-22.29262924194336,-7.542875289916992,-45.32867431640625,-4.931194305419922,-7.059169769287109,-5.695707321166992,-35.98894500732422,-5.0009918212890625,-20.127317428588867,-5.535013198852539,-10.209745407104492
1992-12-01,9.193639755249023,-43.95222473144531,-14.488424301147461,-33.53633117675781,-20.3188533782959,0.7141952514648438,-8.083389282226562,-50.792266845703125,7.310762405395508,-23.943397521972656,-7.822059631347656,-34.127166748046875
1993-01-01,17.280601501464844,-43.54618835449219,-13.75632095336914,-45.618934631347656,-20.32465362548828,4.363914489746094,-13.153705596923828,-55.067108154296875,10.055437088012695,-27.294214248657227,-3.609485626220703,-32.547332763671875
1993-02-01,20.80023765563965,-46.082122802734375,-15.345733642578125,-47.330726623535156,-21.587200164794922,11.575138092041016,-21.69099235534668,-57.07788848876953,20.104679107666016,-35.52632141113281,-2.2617359161376953,-36.369049072265625
1993-03-01,16.107906341552734,-45.54612731933594,-8.174786567687988,-39.70433044433594,-16.383655548095703,11.785820007324219,-18.251911163330078,-47.90700912475586,18.304580688476562,-28.71476936340332,1.2749385833740234,-32.703792572021484
1993-04-01,16.053688049316406,-35.96162796020508,-2.813229560852051,-31.225919723510742,-10.86408519744873,11.412479400634766,-27.8906307220459,-39.55097198486328,17.11174774169922,-31.582218170166016,-1.0379219055175781,-28.026954650878906
1993-05-01,16.602081298828125,-18.47188949584961,-7.92072868347168,-36.914344787597656,-9.66815185546875,5.756586074829102,-27.678396224975586,-30.483882904052734,16.453365325927734,-26.948753356933594,-9.731667518615723,-15.018864631652832
1993-06-01,16.674890518188477,-15.771745681762695,-4.994411468505859,-30.46064567565918,-5.533510208129883,-0.09294891357421875,-29.157821655273438,-27.86274528503418,12.346607208251953,-32.57521438598633,-14.586658477783203,-12.857820510864258
1993-07-01,16.752349853515625,-11.87257194519043,-6.174854278564453,-29.978864669799805,-5.628009796142578,-7.423454284667969,-31.321964263916016,-20.535335540771484,6.233720779418945,-30.12138557434082,-18.88860511779785,-7.016035079956055
1993-08-01,20.301416397094727,-11.902006149291992,-11.063924789428711,-16.61137580871582,-11.878768920898438,-1.6622238159179688,-33.07713317871094,-13.461986541748047,11.846237182617188,-32.229759216308594,-15.736116409301758,-13.305522918701172
1993-09-01,19.593461990356445,-7.490070343017578,-9.445077896118164,-28.817012786865234,-11.41867446899414,-3.1896705627441406,-26.533588409423828,-12.812897682189941,11.09025764465332,-30.615558624267578,-14.561868667602539,-5.689973831176758
1993-10-01,14.256690979003906,-19.340951919555664,-4.808515548706055,-38.548683166503906,-7.132219314575195,0.7157001495361328,-20.93036651611328,-30.380090713500977,9.80447769165039,-29.260066986083984,-6.870412826538086,-7.725536346435547
1993-11-01,12.388433456420898,-26.48401641845703,-5.483940124511719,-39.57730484008789,-7.720890045166016,4.569950103759766,-13.906587600708008,-38.983985900878906,11.091808319091797,-27.055646896362305,-8.882741928100586,-16.617572784423828
1993-12-01,15.028158187866211,-35.039886474609375,-5.528863906860352,-49.07350158691406,-11.36910343170166,7.973398208618164,-12.744735717773438,-48.18120193481445,12.820642471313477,-28.12455177307129,-2.1254138946533203,-24.346208572387695
1994-01-01,14.57672119140625,-44.562557220458984,-11.380441665649414,-46.39480972290039,-19.478439331054688,8.019960403442383,-19.540218353271484,-53.36614227294922,15.599334716796875,-34.8631706237793,-6.093414306640625,-36.414161682128906
1994-02-01,17.58765983581543,-57.391571044921875,-12.637166976928711,-36.08250427246094,-20.118993759155273,5.633317947387695,-21.274921417236328,-64.33850860595703,14.643377304077148,-42.11088180541992,-10.674854278564453,-42.06861114501953
1994-03-01,14.51656723022461,-45.63557052612305,-15.209146499633789,-41.642662048339844,-21.850448608398438,3.023946762084961,-21.91872787475586,-53.14178466796875,13.04361343383789,-32.85370635986328,-10.717124938964844,-38.18950653076172
1994-04-01,7.611888885498047,-31.424650192260742,-11.412956237792969,-38.043190002441406,-14.675891876220703,-6.216972351074219,-21.520414352416992,-37.20104217529297,2.898761749267578,-27.59919548034668,-13.256587982177734,-25.316604614257812
1994-05-01,-4.376590728759766,-19.701169967651367,-8.029714584350586,-31.65550994873047,-10.16923713684082,-10.440740585327148,-26.532686233520508,-25.334487915039062,-7.436305999755859,-31.26207160949707,-17.964839935302734,-11.882807731628418
1994-06-01,-9.658740997314453,-16.24639320373535,-10.234268188476562,-36.35075378417969,-8.216678619384766,-19.73531150817871,-28.807147979736328,-28.366561889648438,-17.00725746154785,-28.833160400390625,-17.442964553833008,-9.65549087524414
1994-07-01,-7.519222259521484,-14.844970703125,-17.39256477355957,-15.145742416381836,-17.177961349487305,-19.990556716918945,-21.954498291015625,-12.653423309326172,-15.573318481445312,-14.497055053710938,-27.278919219970703,-16.851181030273438
1994-08-01,-10.757766723632812,-12.936311721801758,-17.797386169433594,-10.240772247314453,-17.56327247619629,-19.14352798461914,-24.37853240966797,-6.267370223999023,-16.701610565185547,-14.536075592041016,-22.575546264648438,-18.163185119628906
1994-09-01,-12.65667724609375,-13.812602996826172,-16.52440071105957,-12.677812576293945,-17.511249542236328,-17.46735382080078,-34.136444091796875,-12.941187858581543,-12.310386657714844,-32.79518127441406,-19.55484962463379,-15.360343933105469
1994-10-01,-19.424789428710938,-13.344380378723145,-11.343048095703125,-30.558109283447266,-8.556467056274414,-17.945329666137695,-20.426265716552734,-21.918729782104492,-15.557064056396484,-26.441638946533203,-19.234573364257812,-8.275205612182617
1994-11-01,-17.984350204467773,-29.68181800842285,-12.217716217041016,-26.178266525268555,-13.80935287475586,-16.280534744262695,-12.95744514465332,-31.582347869873047,-14.510065078735352,-25.965286254882812,-13.950794219970703,-22.328426361083984
1994-12-01,-2.300474166870117,-34.22749328613281,-11.53326416015625,-43.94963455200195,-15.492033004760742,-0.2893867492675781,-14.09061050415039,-49.03995132446289,3.3637332916259766,-37.16039276123047,-9.821321487426758,-26.77167510986328
1995-01-01,11.801328659057617,-48.166770935058594,-12.505935668945312,-38.008949279785156,-20.52216148376465,3.255777359008789,-14.376794815063477,-61.719207763671875,8.214073181152344,-36.693450927734375,-7.898210525512695,-37.81804656982422
1995-02-01,11.103662490844727,-49.813751220703125,-11.700668334960938,-34.150962829589844,-18.73807716369629,5.688934326171875,-9.571222305297852,-58.866065979003906,14.550342559814453,-21.9001407623291,-5.937108993530273,-39.46502685546875
1995-03-01,13.436159133911133,-44.942230224609375,-4.836809158325195,-27.65849494934082,-13.118563652038574,3.700063705444336,-20.85711097717285,-42.51081466674805,12.490318298339844,-26.469682693481445,-10.699291229248047,-32.82504653930664
1995-04-01,11.49067497253418,-25.466571807861328,-3.3425521850585938,-37.167236328125,-7.875650405883789,2.771575927734375,-25.64532470703125,-35.36406707763672,12.6048583984375,-28.66507911682129,-8.042257308959961,-17.913721084594727
1995-05-01,15.983858108520508,-23.937604904174805,-8.146387100219727,-27.80253791809082,-12.800968170166016,1.719869613647461,-34.449462890625,-28.12360382080078,12.820060729980469,-35.07597351074219,-18.665189743041992,-14.166797637939453
1995-06-01,18.731136322021484,-21.14693832397461,-4.9305267333984375,-40.4369010925293,-9.125202178955078,-2.8982677459716797,-27.058013916015625,-34.09542465209961,10.563922882080078,-32.89967346191406,-12.176191329956055,-10.88151741027832
1995-07-01,22.51970863342285,-6.338005065917969,-11.95925521850586,-25.8414363861084,-12.424369812011719,-3.08917236328125,-24.761964797973633,-16.242446899414062,10.343515396118164,-24.5866756439209,-15.829397201538086,-8.467453002929688
1995-08-01,18.91857147216797,-5.395637512207031,-15.428499221801758,-24.0990047454834,-16.27715492248535,-6.200902938842773,-26.36208152770996,-11.601747512817383,5.010356903076172,-18.49163818359375,-17.335803985595703,-9.010662078857422
1995-09-01,21.20421028137207,-8.727775573730469,-10.196001052856445,-27.95178985595703,-10.555246353149414,-4.781272888183594,-23.061182022094727,-17.734966278076172,4.269304275512695,-25.070878982543945,-13.564584732055664,-4.815982818603516
1995-10-01,17.269853591918945,-15.355609893798828,-5.923227310180664,-31.28046226501465,-9.22065544128418,-2.252666473388672,-27.191648483276367,-23.121923446655273,10.05195426940918,-33.8507194519043,-10.742677688598633,-8.618438720703125
1995-11-01,14.449686050415039,-37.474422454833984,-4.930524826049805,-43.33863830566406,-13.790197372436523,-0.4894084930419922,-23.330184936523438,-45.8481559753418,4.654582977294922,-34.93366622924805,-4.453266143798828,-22.425992965698242
1995-12-01,17.26291275024414,-47.175804138183594,-5.909341812133789,-47.04911422729492,-14.845376968383789,10.695821762084961,-16.853336334228516,-68.42513275146484,16.445499420166016,-35.022178649902344,-0.4078407287597656,-35.436954498291016
1996-01-01,19.693668365478516,-52.29082489013672,-10.586587905883789,-54.050018310546875,-19.035005569458008,10.086797714233398,-25.457788467407227,-72.00765991210938,20.483068466186523,-40.62025451660156,-5.188205718994141,-40.393531799316406
1996-02-01,18.090038299560547,-52.414947509765625,-8.73306655883789,-48.471248626708984,-17.841800689697266,9.186517715454102,-28.53264617919922,-67.52445983886719,17.323808670043945,-41.6595573425293,-6.222536087036133,-39.660396575927734
1996-03-01,17.260921478271484,-43.79937744140625,-15.210463523864746,-43.49156188964844,-23.48180389404297,2.7405643463134766,-29.81521987915039,-47.08772659301758,14.887748718261719,-32.933109283447266,-18.94232940673828,-34.30339050292969
1996-04-01,17.757400512695312,-34.08328628540039,-11.897292137145996,-42.20402526855469,-18.758630752563477,2.53204345703125,-26.005571365356445,-40.146949768066406,9.908065795898438,-29.788738250732422,-7.215494155883789,-28.090782165527344
1996-05-01,6.2043304443359375,-27.63567543029785,-7.94697380065918,-41.25078582763672,-12.324262619018555,-5.13690185546875,-29.732473373413086,-40.68645477294922,0.12080764770507812,-32.71466064453125,-11.470321655273438,-18.611343383789062
1996-06-01,-3.2850341796875,-14.010635375976562,-9.992469787597656,-32.16356658935547,-7.473663330078125,-16.474828720092773,-31.648881912231445,-23.67873764038086,-10.381376266479492,-34.732017517089844,-16.8289852142334,-10.255599975585938
1996-07-01,-4.124088287353516,-14.291975021362305,-16.479793548583984,-22.793350219726562,-12.883628845214844,-17.401588439941406,-25.59845733642578,-16.96799659729004,-12.481483459472656,-28.089126586914062,-23.208740234375,-13.43637466430664
1996-08-01,-8.026409149169922,-16.941518783569336,-20.12229347229004,-14.851343154907227,-20.881908416748047,-16.032962799072266,-22.25218963623047,-16.850496292114258,-12.872047424316406,-20.49796485900879,-15.72183609008789,-19.596025466918945
1996-09-01,-4.5907745361328125,-16.52116584777832,-16.239830017089844,-29.394866943359375,-13.770671844482422,-13.922927856445312,-32.32740020751953,-23.324583053588867,-10.445915222167969,-29.782121658325195,-19.028383255004883,-12.24979019165039
1996-10-01,-11.932044982910156,-19.748281478881836,-11.57292366027832,-32.35553741455078,-12.678417205810547,-16.05282211303711,-24.33243751525879,-29.868179321289062,-15.44546127319336,-30.10814094543457,-18.74043083190918,-13.151727676391602
1996-11-01,-12.104156494140625,-23.160747528076172,-4.875423431396484,-42.91399002075195,-5.995811462402344,-10.667678833007812,-27.031627655029297,-37.13001251220703,-12.661870956420898,-38.308319091796875,-12.542716979980469,-12.772750854492188
1996-12-01,-9.270919799804688,-41.77539825439453,-16.776023864746094,-43.97645568847656,-19.675464630126953,-11.57292366027832,-6.210954666137695,-52.951141357421875,-13.040847778320312,-21.333702087402344,-10.819931030273438,-29.17972755432129
1997-01-01,-7.908893585205078,-57.065155029296875,-24.052282333374023,-45.206695556640625,-29.711257934570312,-6.769279479980469,-16.224788665771484,-62.38224792480469,-5.191738128662109,-30.67667007446289,-14.901214599609375,-44.404083251953125
1997-02-01,-3.5881423950195312,-42.35930252075195,-11.418889999389648,-42.85095977783203,-16.77994155883789,-5.219413757324219,-23.114543914794922,-68.04773712158203,-3.1778831481933594,-48.910430908203125,-11.703794479370117,-33.42313003540039
1997-03-01,-14.139305114746094,-35.35070037841797,-22.901273727416992,-42.7109489440918,-23.734817504882812,-10.209278106689453,-15.628936767578125,-45.02598571777344,-9.821807861328125,-28.122316360473633,-14.24349594116211,-31.27089500427246
1997-04-01,-2.619476318359375,-28.133710861206055,-18.981016159057617,-36.34541702270508,-20.143421173095703,-10.088804244995117,-21.610260009765625,-37.131752014160156,-2.6813392639160156,-33.12520217895508,-15.350545883178711,-23.943204879760742
1997-05-01,5.435939788818359,-23.67620849609375,-9.222700119018555,-36.04911804199219,-11.90078353881836,-8.475440979003906,-25.929380416870117,-30.443864822387695,-0.0586090087890625,-29.02749252319336,-19.565475463867188,-13.069696426391602
1997-06-01,17.53208351135254,-16.408754348754883,-10.953279495239258,-35.31977081298828,-11.420520782470703,-1.8119773864746094,-22.51543426513672,-26.71245765686035,10.823038101196289,-28.4658260345459,-13.748579025268555,-9.250375747680664
1997-07-01,23.663185119628906,-14.46978759765625,-15.168207168579102,-21.550025939941406,-17.405099868774414,-2.396434783935547,-19.744556427001953,-17.680233001708984,12.377790451049805,-19.34406280517578,-17.382305145263672,-12.945966720581055
1997-08-01,26.759668350219727,-14.30047607421875,-12.374534606933594,-27.088525772094727,-14.245124816894531,-2.699249267578125,-22.534971237182617,-16.27362823486328,15.541025161743164,-16.86622428894043,-11.874732971191406,-11.677745819091797
1997-09-01,14.99563980102539,-14.904470443725586,-8.99477767944336,-21.922840118408203,-10.946767807006836,-0.24094390869140625,-26.723852157592773,-16.02291488647461,10.176715850830078,-30.552942276000977,-6.412746429443359,-11.97567367553711
1997-10-01,12.41849136352539,-25.42469596862793,-2.220611572265625,-44.661312103271484,-6.86859130859375,8.428228378295898,-20.262264251708984,-38.72557067871094,12.291507720947266,-33.248931884765625,-3.594655990600586,-15.116111755371094
1997-11-01,15.72498893737793,-29.258670806884766,-9.885299682617188,-30.11663246154785,-15.829179763793945,0.06837654113769531,-14.88981819152832,-31.764183044433594,8.711503982543945,-26.048227310180664,-10.308584213256836,-19.14544677734375
1997-12-01,15.674520492553711,-39.8912353515625,-10.798616409301758,-38.797203063964844,-16.656211853027344,7.036277770996094,-20.503210067749023,-48.47412109375,14.51700210571289,-34.4080810546875,-5.8803863525390625,-27.589956283569336
1998-01-01,13.998851776123047,-38.98640441894531,-11.023056030273438,-51.40819549560547,-16.71126365661621,9.220233917236328,-21.990488052368164,-54.18441390991211,16.83559799194336,-34.391014099121094,-3.019969940185547,-31.086387634277344
1998-02-01,10.671323776245117,-44.985450744628906,-15.575912475585938,-33.12642288208008,-22.180255889892578,1.9762306213378906,-14.312956809997559,-47.36085510253906,11.782135009765625,-22.180255889892578,-7.679164886474609,-35.197540283203125
1998-03-01,13.72401237487793,-45.02798080444336,-13.72237777709961,-34.847442626953125,-20.200754165649414,6.314779281616211,-20.912391662597656,-44.04804992675781,16.945205688476562,-32.03851318359375,-12.94366455078125,-37.50095748901367
1998-04-01,7.774051666259766,-21.867788314819336,-17.002464294433594,-22.1246337890625,-19.01632308959961,-9.372376441955566,-9.203874588012695,-19.202821731567383,-1.361114501953125,-12.045525550842285,-23.904552459716797,-13.347744941711426
1998-05-01,-6.954437255859375,-9.722471237182617,-12.526494979858398,-27.464385986328125,-11.944095611572266,-17.238040924072266,-25.874238967895508,-17.45398712158203,-14.54362678527832,-24.041973114013672,-27.132287979125977,-5.138528823852539
1998-06-01,-5.203968048095703,-14.383302688598633,-10.14291000366211,-39.545902252197266,-8.017807006835938,-19.92427635192871,-27.619802474975586,-25.69264793395996,-12.241840362548828,-35.187721252441406,-18.16726303100586,-6.80720329284668
1998-07-01,-9.428001403808594,-16.7816104888916,-15.170196533203125,-22.468185424804688,-16.1304988861084,-17.9136905670166,-30.811548233032227,-21.07925796508789,-15.243814468383789,-26.420650482177734,-27.62307357788086,-17.409814834594727
1998-08-01,-12.055343627929688,-12.048799514770508,-14.592704772949219,-14.677774429321289,-14.257331848144531,-18.31122589111328,-33.58448791503906,-15.153837203979492,-15.291255950927734,-31.760400772094727,-28.688081741333008,-15.634805679321289
1998-09-01,-6.934806823730469,-7.602275848388672,-16.002897262573242,-20.334901809692383,-13.60458755493164,-18.656414031982422,-19.963539123535156,-10.746578216552734,-14.612335205078125,-21.129974365234375,-25.283658981323242,-4.029354095458984
1998-10-01,-12.714630126953125,-11.171926498413086,-8.842327117919922,-27.62307357788086,-6.201898574829102,-21.201953887939453,-24.05669403076172,-21.604400634765625,-21.270668029785156,-29.560041427612305,-22.317678451538086,-4.747537612915039
1998-11-01,-13.629127502441406,-28.455772399902344,-11.024688720703125,-39.457557678222656,-12.071701049804688,-20.174575805664062,-18.546804428100586,-38.0915412902832,-24.2301082611084,-26.561338424682617,-14.838096618652344,-16.506771087646484
1998-12-01,-10.664783477783203,-35.295692443847656,-11.363330841064453,-41.11641311645508,-15.97508430480957,-12.315458297729492,-7.029693603515625,-47.29705047607422,-15.181648254394531,-26.437009811401367,-7.741331100463867,-27.071758270263672
1999-01-01,-6.937286376953125,-42.32627868652344,-15.850713729858398,-34.06379699707031,-20.923404693603516,-8.943389892578125,-19.040498733520508,-56.44392013549805,-2.908435821533203,-37.7247314453125,-13.34682846069336,-35.72361755371094
1999-02-01,-2.3407325744628906,-40.51163101196289,-10.739725112915039,-40.80796813964844,-16.396770477294922,-4.215312957763672,-20.710309982299805,-53.18254852294922,-3.5493850708007812,-29.20253562927246,-4.86625862121582,-30.382888793945312
1999-03-01,12.156484603881836,-33.812408447265625,-13.231956481933594,-37.293540954589844,-19.280231475830078,-4.731407165527344,-20.86014175415039,-40.661460876464844,-0.2081012725830078,-27.327953338623047,-12.2413911819458,-25.03716468811035
1999-04-01,16.658145904541016,-31.39010238647461,-9.724189758300781,-35.357357025146484,-14.473908424377441,2.2558250427246094,-26.893434524536133,-40.10041809082031,9.357931137084961,-34.065460205078125,-8.215866088867188,-22.976123809814453
1999-05-01,13.298547744750977,-20.998321533203125,-8.122634887695312,-40.50164031982422,-10.539947509765625,-9.91897201538086,-22.118743896484375,-30.75081443786621,3.5527172088623047,-27.30963897705078,-14.908426284790039,-11.057706832885742
1999-06-01,19.418411254882812,-14.204208374023438,-9.203102111816406,-34.34681701660156,-9.43450927734375,-7.526632308959961,-35.462242126464844,-25.33683204650879,4.599885940551758,-33.462799072265625,-19.2369441986084,-6.253047943115234
1999-07-01,18.09654998779297,-14.245828628540039,-8.04605484008789,-16.974464416503906,-11.427297592163086,-6.116533279418945,-22.93783187866211,-14.089336395263672,1.874582290649414,-25.901203155517578,-18.707534790039062,-11.522188186645508
1999-08-01,18.915637969970703,-11.08767318725586,-11.970026016235352,-11.450601577758789,-14.905096054077148,-3.496112823486328,-15.271356582641602,-6.642614364624023,3.900663375854492,-21.915634155273438,-10.42840576171875,-13.556596755981445
1999-09-01,20.786890029907227,-6.124858856201172,-6.740840911865234,-18.715858459472656,-9.670915603637695,1.5083236694335938,-24.78744125366211,-10.358482360839844,8.089340209960938,-22.733060836791992,-9.566032409667969,-4.626522064208984
1999-10-01,15.652599334716797,-13.273576736450195,-4.481681823730469,-26.971681594848633,-6.595998764038086,-1.1970024108886719,-28.185333251953125,-19.876235961914062,6.704212188720703,-30.675899505615234,-13.295217514038086,-4.42674446105957
1999-11-01,15.685895919799805,-29.69198989868164,-0.6459484100341797,-36.83904266357422,-7.192005157470703,7.827964782714844,-18.24138832092285,-38.72528076171875,12.794107437133789,-34.703086853027344,-5.520528793334961,-16.2835636138916
1999-12-01,21.96890640258789,-39.29298400878906,-5.996667861938477,-55.91450881958008,-13.240281105041504,7.856264114379883,-17.262475967407227,-57.29130554199219,16.403430938720703,-36.23471450805664,-3.7658138275146484,-28.391769409179688
2000-01-01,22.17645263671875,-48.092124938964844,-12.00802993774414,-43.562538146972656,-20.56143569946289,7.293283462524414,-27.026639938354492,-54.90536117553711,17.955467224121094,-44.997535705566406,-12.685237884521484,-38.1963005065918
2000-02-01,26.913484573364258,-51.37358856201172,-5.945722579956055,-44.43862533569336,-15.400932312011719,13.23215103149414,-25.624217987060547,-69.53307342529297,21.5455322265625,-47.96696853637695,-2.472240447998047,-37.07676696777344
2000-03-01,27.657556533813477,-43.01048278808594,-1.4641437530517578,-44.61864471435547,-9.335197448730469,13.953933715820312,-26.69060516357422,-60.4310417175293,21.52667236328125,-40.39251708984375,1.116109848022461,-30.26866912841797
2000-04-01,23.32341957092285,-37.075050354003906,-8.112791061401367,-40.26736068725586,-16.84107208251953,6.95039176940918,-25.175029754638672,-40.60167694091797,15.406076431274414,-34.837684631347656,-9.947256088256836,-26.462583541870117
2000-05-01,22.310178756713867,-29.05483627319336,-7.778472900390625,-33.169525146484375,-11.270814895629883,3.7923717498779297,-25.404766082763672,-34.64909362792969,15.08204460144043,-29.461164474487305,-6.953823089599609,-18.91727638244629
2000-06-01,18.550382614135742,-11.539983749389648,-7.629314422607422,-30.750431060791016,-8.068214416503906,-5.9457244873046875,-24.21150779724121,-22.21416664123535,0.3977527618408203,-27.33695411682129,-21.010622024536133,-7.439014434814453
2000-07-01,21.890138626098633,-15.858692169189453,-13.99850845336914,-16.43817710876465,-16.50675392150879,-7.5538787841796875,-18.92413330078125,-13.698482513427734,3.4374771118164062,-21.142635345458984,-18.536666870117188,-13.508174896240234
2000-08-01,22.731935501098633,-16.685056686401367,-14.512847900390625,-13.03498649597168,-14.90545654296875,-5.945720672607422,-28.14274787902832,-9.583793640136719,6.079450607299805,-20.6248722076416,-22.32217788696289,-16.210155487060547
2000-09-01,20.221973419189453,-12.998985290527344,-16.592477798461914,-16.82564353942871,-18.121768951416016,-4.824470520019531,-25.61050033569336,-11.829727172851562,8.783143997192383,-25.979108810424805,-14.125381469726562,-14.771726608276367
2000-10-01,12.62009048461914,-12.297771453857422,-10.790769577026367,-34.7896842956543,-10.631324768066406,-9.720951080322266,-26.647743225097656,-24.214935302734375,-0.08744049072265625,-34.107330322265625,-16.63019371032715,-8.325386047363281
2000-11-01,8.558549880981445,-23.409143447875977,-8.395675659179688,-43.864280700683594,-10.962213516235352,-6.8166656494140625,-18.85555648803711,-37.381935119628906,-0.6686363220214844,-32.3363037109375,-6.760089874267578,-12.844680786132812
2000-12-01,13.73448371887207,-34.25477600097656,-5.901147842407227,-58.73716354370117,-11.346250534057617,4.620449066162109,-16.647340774536133,-52.74000930786133,8.433393478393555,-35.17372131347656,0.020572662353515625,-24.70698356628418
2001-01-01,15.470787048339844,-47.23079299926758,-10.11614990234375,-48.822933197021484,-17.49699592590332,5.1873016357421875,-17.59971809387207,-60.214786529541016,10.830209732055664,-31.69704818725586,-3.515634536743164,-35.935028076171875
2001-02-01,13.373332977294922,-35.33362579345703,-5.831779479980469,-45.86396026611328,-10.649626731872559,3.0053539276123047,-18.602054595947266,-51.78852844238281,10.56678581237793,-38.5676155090332,-6.332118988037109,-27.23872184753418
2001-03-01,14.995294570922852,-47.26557922363281,-13.229193687438965,-38.07059097290039,-20.467559814453125,3.0136375427246094,-20.4609317779541,-53.02115249633789,10.300050735473633,-33.19475555419922,-13.973077774047852,-37.77237319946289
2001-04-01,12.241767883300781,-34.53672790527344,-17.694150924682617,-36.582820892333984,-25.05014419555664,-6.590574264526367,-17.286588668823242,-35.26239013671875,4.38874626159668,-20.283658981323242,-17.27001953125,-28.668500900268555
2001-05-01,4.605781555175781,-26.438507080078125,-8.825538635253906,-36.509925842285156,-13.981363296508789,-8.77749252319336,-30.933286666870117,-35.41481018066406,-2.1786346435546875,-35.0702018737793,-18.57720184326172,-17.927753448486328
2001-06-01,0.12425613403320312,-16.0423641204834,-10.43093490600586,-39.58155059814453,-9.831188201904297,-12.526729583740234,-29.01476287841797,-30.915061950683594,-8.19597053527832,-33.10032272338867,-13.699714660644531,-11.434926986694336
2001-07-01,-0.579864501953125,-12.294784545898438,-14.9273681640625,-26.66879653930664,-15.41445541381836,-13.020442962646484,-28.376911163330078,-15.258720397949219,-8.633354187011719,-23.80426788330078,-22.21212387084961,-10.667850494384766
2001-08-01,-0.3462638854980469,-13.719594955444336,-17.038074493408203,-14.894235610961914,-19.968875885009766,-14.024436950683594,-24.167095184326172,-14.271293640136719,-7.10748291015625,-26.981922149658203,-24.83807945251465,-19.029495239257812
2001-09-01,-3.6117286682128906,-13.497589111328125,-12.621166229248047,-18.366792678833008,-11.651962280273438,-15.411144256591797,-28.91701316833496,-13.287181854248047,-8.744354248046875,-25.2042236328125,-21.655454635620117,-7.909351348876953
2001-10-01,-12.851455688476562,-15.39291763305664,-11.474691390991211,-33.22789001464844,-10.172479629516602,-16.612289428710938,-25.24233055114746,-26.932220458984375,-14.377326965332031,-32.580101013183594,-18.7495059967041,-6.129995346069336
2001-11-01,-12.100944519042969,-32.363067626953125,-11.078723907470703,-42.21247863769531,-13.72787857055664,-10.982635498046875,-10.167509078979492,-42.74761199951172,-13.691429138183594,-23.595516204833984,-12.853113174438477,-18.249164581298828
2001-12-01,-12.863048553466797,-39.1209716796875,-13.537351608276367,-50.6254768371582,-17.854856491088867,-8.452770233154297,-18.50430679321289,-52.797489166259766,-10.830211639404297,-33.52113723754883,-6.752937316894531,-29.256649017333984
2002-01-01,-6.299633026123047,-47.28220748901367,-18.216548919677734,-42.414100646972656,-22.610595703125,-7.52754020690918,-11.169294357299805,-59.39186096191406,-4.294567108154297,-29.357868194580078,-12.507560729980469,-35.811378479003906
2002-02-01,4.425128936767578,-43.418182373046875,-13.39818000793457,-30.15678596496582,-19.01546859741211,-3.330890655517578,-13.845821380615234,-46.386924743652344,0.4538612365722656,-26.82744789123535,-7.460702896118164,-34.086090087890625
2002-03-01,9.389606475830078,-38.31071090698242,-15.11103343963623,-36.39424133300781,-21.14643096923828,2.620573043823242,-18.19634246826172,-41.347843170166016,9.380279541015625,-24.575244903564453,-14.30434513092041,-32.89392852783203
2002-04-01,13.528741836547852,-25.302663803100586,-15.35195255279541,-18.236757278442383,-18.835166931152344,-3.871793746948242,-24.64518928527832,-21.477500915527344,9.733108520507812,-27.512897491455078,-21.280101776123047,-22.326154708862305
2002-05-01,16.830102920532227,-21.671789169311523,-9.428462982177734,-38.98839569091797,-12.986288070678711,-5.708992004394531,-23.095539093017578,-30.761411666870117,6.501691818237305,-30.661937713623047,-16.572086334228516,-14.33387565612793
2002-06-01,15.651931762695312,-18.950185775756836,-9.733110427856445,-41.669586181640625,-9.614982604980469,-7.491788864135742,-25.371055603027344,-29.76976203918457,4.190427780151367,-27.0683650970459,-18.0362491607666,-8.469451904296875
2002-07-01,21.544334411621094,-14.176891326904297,-15.48562240600586,-25.64461326599121,-15.642608642578125,-5.311088562011719,-21.95156478881836,-17.590164184570312,5.172752380371094,-25.653940200805664,-17.408308029174805,-10.895736694335938
2002-08-01,20.159442901611328,-14.318334579467773,-14.07430648803711,-18.981273651123047,-18.3502197265625,-4.146909713745117,-24.21464729309082,-15.431221008300781,7.835292816162109,-27.847076416015625,-18.978166580200195,-13.962396621704102
2002-09-01,17.088119506835938,-16.586076736450195,-15.41412353515625,-24.72135353088379,-17.653888702392578,0.41655731201171875,-24.528615951538086,-17.874603271484375,10.387475967407227,-21.914260864257812,-9.01968002319336,-12.589935302734375
2002-10-01,15.655044555664062,-23.092432022094727,-6.664896011352539,-37.38433837890625,-11.845420837402344,3.232969284057617,-24.169572830200195,-30.517385482788086,11.002981185913086,-29.396724700927734,-4.28057861328125,-12.196693420410156
2002-11-01,12.425180435180664,-34.3907356262207,-4.732883453369141,-51.276790618896484,-10.822683334350586,5.690340042114258,-21.461957931518555,-45.516510009765625,10.258468627929688,-32.80999755859375,-2.7728939056396484,-20.45009994506836
2002-12-01,8.397953033447266,-42.263328552246094,-15.482513427734375,-52.983428955078125,-20.762516021728516,5.040637969970703,-24.52861785888672,-52.372581481933594,9.804609298706055,-33.50166702270508,-2.981172561645508,-32.83176040649414
2003-01-01,13.786170959472656,-51.073822021484375,-13.090948104858398,-53.00554275512695,-19.74986457824707,7.449750900268555,-21.11924171447754,-64.20690155029297,15.628759384155273,-34.202091217041016,-3.5182533264160156,-35.64277648925781
2003-02-01,16.97869300842285,-53.74127960205078,-11.352079391479492,-38.64244842529297,-20.362438201904297,8.457744598388672,-24.74445343017578,-61.763092041015625,16.116548538208008,-39.65367889404297,-7.263385772705078,-42.74248504638672
2003-03-01,17.203948974609375,-48.59273147583008,-10.830256462097168,-37.57935333251953,-19.04977798461914,8.036397933959961,-24.653701782226562,-49.41598129272461,14.931913375854492,-33.570068359375,-9.185380935668945,-39.337669372558594
2003-04-01,8.909883499145508,-27.157480239868164,-13.285419464111328,-33.297813415527344,-18.97199249267578,-0.5639591217041016,-19.804962158203125,-27.86728858947754,7.273109436035156,-23.610055923461914,-17.563718795776367,-22.28443145751953
2003-05-01,12.74252700805664,-23.911481857299805,-12.185052871704102,-23.79804229736328,-16.52817153930664,-9.747716903686523,-23.535511016845703,-25.867507934570312,-2.4827117919921875,-28.240018844604492,-26.437950134277344,-16.249435424804688
2003-06-01,10.220922470092773,-16.84256362915039,-10.614721298217773,-30.32893180847168,-10.512626647949219,-8.673280715942383,-25.776756286621094,-27.34384536743164,-2.3109283447265625,-29.705013275146484,-19.50191879272461,-9.921117782592773
2003-07-01,2.719310760498047,-16.247817993164062,-11.475242614746094,-26.449295043945312,-10.820533752441406,-13.983880996704102,-33.236228942871094,-24.177257537841797,-5.025382995605469,-31.62538719177246,-25.97122573852539,-11.596786499023438
2003-08-01,5.809734344482422,-9.833606719970703,-17.215293884277344,-14.922191619873047,-16.406631469726562,-11.70050048828125,-35.260318756103516,-7.649080276489258,-4.111377716064453,-26.69886016845703,-21.75774574279785,-12.757110595703125
2003-09-01,3.2524795532226562,-8.26165771484375,-13.530120849609375,-18.643014907836914,-13.591703414916992,-11.246742248535156,-26.405536651611328,-8.08177375793457,-4.735301971435547,-23.260013580322266,-22.06403350830078,-11.352079391479492
2003-10-01,-2.129425048828125,-17.148849487304688,-10.908042907714844,-38.55979919433594,-11.096031188964844,-9.02008056640625,-23.06068229675293,-26.27589225769043,-3.5117721557617188,-24.37334442138672,-10.891838073730469,-5.185817718505859
2003-11-01,-8.913124084472656,-26.6923770904541,-8.109321594238281,-31.126251220703125,-8.872610092163086,-6.647571563720703,-19.868165969848633,-40.09609603881836,-8.368614196777344,-32.8878059387207,-16.604339599609375,-21.232685089111328
2003-12-01,-5.171230316162109,-35.41265106201172,-9.041149139404297,-43.878501892089844,-13.445854187011719,-7.845172882080078,-21.701025009155273,-50.35266876220703,-7.72686767578125,-37.201759338378906,-9.000635147094727,-25.32137680053711
2004-01-01,-10.898445129394531,-58.06967544555664,-21.8347225189209,-41.269683837890625,-27.762584686279297,-10.437902450561523,-15.467704772949219,-60.35101318359375,-10.18460464477539,-32.84502029418945,-15.258813858032227,-45.801109313964844
2004-02-01,-4.927822113037109,-38.63636016845703,-11.01687240600586,-47.4393310546875,-14.803201675415039,-3.0626182556152344,-10.523433685302734,-51.552974700927734,-3.549480438232422,-28.69683265686035,-9.146734237670898,-32.33677291870117
2004-03-01,-2.9688644409179688,-40.062400817871094,-15.503889083862305,-38.21857833862305,-21.270557403564453,-6.070960998535156,-28.330039978027344,-40.922630310058594,-2.348773956298828,-30.8909969329834,-16.93486213684082,-35.882965087890625
2004-04-01,2.8372802734375,-32.221641540527344,-17.436527252197266,-36.47673416137695,-20.72941780090332,-3.659679412841797,-14.492334365844727,-31.81208038330078,3.9294281005859375,-18.285245895385742,-15.648632049560547,-27.04216194152832
2004-05-01,11.663280487060547,-15.906864166259766,-14.125545501708984,-29.233036041259766,-15.979232788085938,-8.483879089355469,-21.46299934387207,-20.86429214477539,5.033088684082031,-26.912221908569336,-21.73932456970215,-10.467508316040039
2004-06-01,21.101144790649414,-14.025211334228516,-13.625526428222656,-25.242748260498047,-14.303184509277344,-6.505184173583984,-23.69170379638672,-19.06159210205078,8.054584503173828,-27.412240982055664,-24.935171127319336,-13.125507354736328
2004-07-01,14.883798599243164,-12.67154312133789,-14.668327331542969,-23.47787857055664,-16.201284408569336,-3.417896270751953,-25.984556198120117,-14.413383483886719,7.898332595825195,-23.249252319335938,-16.232532501220703,-13.895271301269531
2004-08-01,21.854459762573242,-11.130361557006836,-11.674793243408203,-27.695148468017578,-13.405120849609375,1.7928352355957031,-27.50599479675293,-13.679803848266602,14.29660415649414,-21.95150375366211,-11.158323287963867,-12.416595458984375
2004-09-01,16.360830307006836,-8.128602981567383,-11.411624908447266,-17.142108917236328,-14.268640518188477,-0.06414794921875,-32.70849609375,-11.68136978149414,7.761814117431641,-30.965009689331055,-14.707803726196289,-10.45106315612793
2004-10-01,12.862337112426758,-13.910076141357422,-8.612174987792969,-30.915666580200195,-7.78648567199707,0.4243583679199219,-23.775588989257812,-23.030494689941406,8.949357986450195,-28.69683265686035,-6.904872894287109,-7.697666168212891
2004-11-01,9.982294082641602,-27.55204963684082,-3.098804473876953,-44.676063537597656,-6.4788665771484375,4.340625762939453,-14.622275352478027,-41.03118896484375,9.756956100463867,-28.208328247070312,-3.9508113861083984,-15.78843879699707
2004-12-01,13.00050163269043,-41.15126037597656,-8.707572937011719,-53.99879455566406,-15.16834831237793,10.704360961914062,-8.689481735229492,-55.072853088378906,13.217613220214844,-22.339677810668945,-4.546228408813477,-29.60311508178711
2005-01-01,16.21196937561035,-53.337886810302734,-12.780938148498535,-53.219337463378906,-20.401384353637695,9.224380493164062,-28.797645568847656,-67.87269592285156,17.615415573120117,-41.3519401550293,-6.349498748779297,-40.59007263183594
2005-02-01,12.624031066894531,-53.449466705322266,-17.017425537109375,-48.03617858886719,-25.357898712158203,4.297504425048828,-33.0236701965332,-61.08559799194336,11.485586166381836,-43.06745910644531,-10.373289108276367,-44.36281204223633
2005-03-01,22.74801254272461,-45.527408599853516,-15.059576034545898,-44.613861083984375,-22.115156173706055,8.769351959228516,-23.60751724243164,-49.144989013671875,17.228378295898438,-27.95383644104004,-9.695104598999023,-36.128684997558594
2005-04-01,16.14397621154785,-36.36927795410156,-11.164798736572266,-41.81568908691406,-17.137720108032227,6.802783966064453,-21.084800720214844,-37.74657440185547,16.76288604736328,-27.789955139160156,-11.719200134277344,-31.677759170532227
2005-05-01,10.073421478271484,-24.641357421875,-12.163772583007812,-37.90870666503906,-15.563421249389648,-8.71181869506836,-27.0891056060791,-32.23564910888672,1.3406810760498047,-32.61222839355469,-19.364055633544922,-15.139774322509766
2005-06-01,9.356884002685547,-16.588544845581055,-10.282634735107422,-37.532135009765625,-11.067169189453125,-12.315446853637695,-30.145299911499023,-25.07198143005371,-3.8895492553710938,-31.52433967590332,-20.678585052490234,-9.069217681884766
2005-07-01,2.5785064697265625,-15.781349182128906,-14.252376556396484,-23.148998260498047,-12.568244934082031,-14.665567398071289,-27.38548469543457,-21.292268753051758,-6.884727478027344,-27.397687911987305,-28.00613784790039,-14.449378967285156
2005-08-01,2.728435516357422,-13.55327033996582,-19.034549713134766,-17.82985496520996,-19.597671508789062,-11.537887573242188,-22.92584228515625,-12.235250473022461,-4.953029632568359,-22.528345108032227,-22.756729125976562,-14.423233032226562
2005-09-01,1.8793983459472656,-7.411235809326172,-18.283140182495117,-19.172279357910156,-18.195968627929688,-13.337085723876953,-29.05567169189453,-9.52947998046875,-6.220485687255859,-25.636844635009766,-24.730270385742188,-10.251251220703125
2005-10-01,-4.229511260986328,-18.01639747619629,-16.246835708618164,-25.53398323059082,-18.474916458129883,-14.857341766357422,-22.885744094848633,-21.705453872680664,-10.688846588134766,-30.493986129760742,-21.754268646240234,-12.189922332763672
2005-11-01,-10.517993927001953,-36.243751525878906,-9.285402297973633,-42.396240234375,-13.616031646728516,-7.827911376953125,-18.757349014282227,-48.66380310058594,-10.453487396240234,-35.7311897277832,-12.896005630493164,-27.830053329467773
2005-12-01,-3.8494491577148438,-43.19995880126953,-9.377801895141602,-49.26527786254883,-15.683717727661133,-5.763713836669922,-27.028085708618164,-65.55396270751953,-6.546504974365234,-46.15678405761719,-6.454103469848633,-30.03023910522461
2006-01-01,-0.925933837890625,-48.86536407470703,-13.515851020812988,-35.994384765625,-20.44553565979004,-6.270757675170898,-22.22089958190918,-55.30787658691406,-4.050384521484375,-35.719573974609375,-14.502683639526367,-38.503623962402344
2006-02-01,-6.750116348266602,-38.04612350463867,-18.74512481689453,-36.868797302246094,-23.797954559326172,-6.750118255615234,-16.329572677612305,-43.340972900390625,-7.252902984619141,-25.218870162963867,-15.772136688232422,-32.82465362548828
2006-03-01,-2.6107330322265625,-48.551513671875,-17.787960052490234,-33.244686126708984,-24.441267013549805,-9.929216384887695,-22.683082580566406,-44.04674530029297,-7.33721923828125,-32.27971267700195,-19.29475212097168,-42.25733184814453
2006-04-01,-4.604694366455078,-38.156982421875,-12.363508224487305,-30.844745635986328,-16.72305679321289,-15.470779418945312,-23.60589599609375,-40.845787048339844,-10.966014862060547,-31.71446990966797,-25.513980865478516,-28.764904022216797
2006-05-01,-1.0914478302001953,-18.011245727539062,-10.460105895996094,-32.68256378173828,-10.074430465698242,-16.77458381652832,-21.19502830505371,-25.27976417541504,-7.452766418457031,-26.628849029541016,-23.193675994873047,-14.950817108154297
2006-06-01,14.540157318115234,-16.833919525146484,-11.087806701660156,-36.94218063354492,-11.998130798339844,-13.882791519165039,-28.38859748840332,-26.1916446685791,1.8721694946289062,-30.810394287109375,-27.069175720214844,-10.166555404663086
2006-07-01,22.8392276763916,-10.004165649414062,-17.584972381591797,-27.425186157226562,-13.348775863647461,-8.117942810058594,-24.56462287902832,-19.329105377197266,7.454328536987305,-22.653417587280273,-25.362520217895508,-8.72378158569336
2006-08-01,22.04913902282715,-15.220945358276367,-16.38734245300293,-14.176342010498047,-17.59902572631836,-2.107950210571289,-23.702707290649414,-14.004581451416016,9.763704299926758,-16.01572036743164,-18.16895294189453,-16.412328720092773
2006-09-01,19.50554656982422,-11.09561538696289,-8.53641128540039,-18.256393432617188,-10.03227424621582,0.17644309997558594,-28.123151779174805,-10.550670623779297,11.874773025512695,-30.024988174438477,-13.088014602661133,-12.17144775390625
2006-10-01,16.879199981689453,-19.322858810424805,-2.2359848022460938,-34.17686462402344,-6.714204788208008,5.035654067993164,-19.864681243896484,-27.628173828125,15.283405303955078,-31.066471099853516,-8.736274719238281,-8.723783493041992
2006-11-01,14.451156616210938,-33.68501281738281,-5.508771896362305,-37.33722686767578,-11.623381614685059,9.599750518798828,-13.862491607666016,-45.634735107421875,16.251497268676758,-24.33977508544922,-5.8070068359375,-24.221105575561523
2006-12-01,17.04315185546875,-34.8639030456543,-7.510541915893555,-57.02546310424805,-12.582108497619629,8.022695541381836,-12.541509628295898,-52.13658905029297,16.554420471191406,-28.44168472290039,-0.3497638702392578,-20.962373733520508
2007-01-01,16.056751251220703,-41.35050964355469,-8.220312118530273,-54.379661560058594,-14.004083633422852,9.253070831298828,-23.335857391357422,-62.43132781982422,15.880075454711914,-36.374637603759766,-0.3083820343017578,-29.285062789916992
2007-02-01,19.18233299255371,-57.95978546142578,-12.754493713378906,-37.99364471435547,-22.22599983215332,11.376411437988281,-14.611210823059082,-57.034629821777344,21.3972225189209,-26.300823211669922,-6.013452529907227,-46.318355560302734
2007-03-01,22.537593841552734,-46.81626892089844,-6.474420547485352,-37.91494369506836,-16.395652770996094,11.930536270141602,-26.469467163085938,-50.10888671875,19.701120376586914,-39.9403076171875,-7.833229064941406,-38.485130310058594
2007-04-01,19.16466522216797,-36.768150329589844,-15.52190113067627,-44.94669723510742,-20.354827880859375,5.856048583984375,-24.248153686523438,-39.95476531982422,15.181396484375,-32.336761474609375,-11.162790298461914,-30.780393600463867
2007-05-01,15.631118774414062,-26.818004608154297,-10.676126480102539,-37.92779541015625,-14.27070426940918,-1.4118118286132812,-27.788122177124023,-37.304603576660156,7.139368057250977,-29.260971069335938,-10.841560363769531,-20.067325592041016
2007-06-01,3.0468807220458984,-22.539203643798828,-9.919626235961914,-28.84176254272461,-11.085695266723633,-13.191366195678711,-22.481380462646484,-33.274757385253906,-6.476024627685547,-25.626235961914062,-19.734851837158203,-16.1499080657959
2007-07-01,-0.6504936218261719,-14.22894287109375,-12.8685302734375,-35.552284240722656,-11.678367614746094,-11.352317810058594,-29.635204315185547,-22.94877052307129,-8.822620391845703,-28.334217071533203,-17.82834243774414,-11.986747741699219
2007-08-01,4.069999694824219,-9.974235534667969,-18.35677146911621,-17.674152374267578,-21.016563415527344,-12.696670532226562,-22.242061614990234,-10.656852722167969,-4.105339050292969,-18.266826629638672,-22.417133331298828,-9.999935150146484
2007-09-01,-0.091552734375,-6.962690353393555,-16.20130729675293,-15.990900039672852,-16.944957733154297,-13.31182861328125,-23.146329879760742,-3.912599563598633,-8.388957977294922,-21.321733474731445,-23.278034210205078,-9.241827011108398
2007-10-01,-4.65625,-16.22861099243164,-12.466989517211914,-33.623291015625,-10.248886108398438,-11.323406219482422,-26.136995315551758,-24.546897888183594,-9.23379898071289,-26.805152893066406,-18.930166244506836,-9.343015670776367
2007-11-01,-9.371925354003906,-22.648420333862305,-6.4583587646484375,-41.487037658691406,-7.041393280029297,-10.608665466308594,-15.68572998046875,-37.089378356933594,-10.621517181396484,-35.23426818847656,-10.203916549682617,-14.431321144104004
2007-12-01,-8.017932891845703,-43.382301330566406,-15.056116104125977,-42.8024787902832,-20.46725845336914,-11.222221374511719,-19.05544662475586,-51.50624465942383,-11.463142395019531,-34.61589813232422,-12.2774658203125,-32.041229248046875
2008-01-01,-7.601009368896484,-44.37916564941406,-10.820018768310547,-48.50077438354492,-17.45133399963379,-5.691974639892578,-24.36700439453125,-61.054107666015625,-7.334224700927734,-40.970054626464844,-13.264226913452148,-37.147186279296875
2008-02-01,-1.4713172912597656,-46.06135559082031,-13.876077651977539,-51.77888870239258,-18.649477005004883,-10.91427230834961,-24.164121627807617,-67.27326202392578,-8.356639862060547,-49.17173385620117,-11.639547348022461,-33.800376892089844
2008-03-01,-8.93813705444336,-44.094810485839844,-20.208656311035156,-29.940763473510742,-26.034820556640625,-13.264228820800781,-12.633207321166992,-44.13634490966797,-10.72097396850586,-18.382686614990234,-17.00562286376953,-37.460304260253906
2008-04-01,-5.7287139892578125,-29.34328842163086,-14.07577133178711,-29.704328536987305,-16.76919174194336,-16.729251861572266,-20.903579711914062,-34.48251724243164,-13.123647689819336,-26.11629295349121,-23.259925842285156,-21.676780700683594
2008-05-01,7.51154899597168,-22.098526000976562,-11.455833435058594,-44.07563781738281,-12.206666946411133,-11.173070907592773,-28.927932739257812,-29.73308563232422,-2.3595409393310547,-30.862531661987305,-17.39861297607422,-10.887113571166992
2008-06-01,13.056547164916992,-14.725959777832031,-6.540256500244141,-39.973201751708984,-4.7542266845703125,-14.240314483642578,-26.330360412597656,-29.078102111816406,1.5575847625732422,-31.26350975036621,-18.625511169433594,-9.286396026611328
2008-07-01,21.306154251098633,-14.361722946166992,-14.920858383178711,-20.223033905029297,-16.341054916381836,-5.664813995361328,-25.57633399963379,-17.956148147583008,6.326189041137695,-22.52027130126953,-18.41144371032715,-17.91621208190918
2008-08-01,19.298070907592773,-10.890310287475586,-10.562816619873047,-17.002429962158203,-13.955955505371094,1.2077293395996094,-26.708974838256836,-11.714632034301758,5.391639709472656,-23.68646240234375,-15.826652526855469,-16.44329833984375
2008-09-01,19.504148483276367,-10.867944717407227,-7.088205337524414,-20.304508209228516,-8.596267700195312,0.9121837615966797,-30.574979782104492,-13.986307144165039,9.270421981811523,-26.141855239868164,-18.429019927978516,-6.501914978027344
2008-10-01,14.904882431030273,-17.87627601623535,-0.5351715087890625,-30.004663467407227,-3.9011478424072266,-3.651935577392578,-30.030223846435547,-25.057138442993164,3.1567039489746094,-37.950740814208984,-13.438356399536133,-4.835699081420898
2008-11-01,13.3089599609375,-23.39731216430664,-1.1166667938232422,-49.53437042236328,-5.017816543579102,-3.4953784942626953,-11.224191665649414,-41.187320709228516,3.845235824584961,-27.439041137695312,3.7509822845458984,-8.016366958618164
2008-12-01,17.14141273498535,-40.222415924072266,-7.7048492431640625,-51.56003189086914,-14.491125106811523,4.9379425048828125,-20.28533935546875,-57.261592864990234,10.220947265625,-34.167808532714844,-1.9553680419921875,-27.931079864501953
2009-01-01,22.02901840209961,-50.24409484863281,-10.210308074951172,-54.66155242919922,-19.208646774291992,10.019369125366211,-18.380168914794922,-62.68901824951172,20.68922233581543,-33.51278305053711,-3.1245803833007812,-37.08720397949219
2009-02-01,28.74905014038086,-40.34446716308594,-1.9676265716552734,-32.60664367675781,-10.990239143371582,11.62130355834961,-29.933515548706055,-49.59523391723633,18.334861755371094,-44.89784240722656,-8.697368621826172,-33.0645637512207
2009-03-01,18.572725296020508,-43.60820770263672,-5.097063064575195,-38.60499572753906,-14.797664642333984,9.663383483886719,-26.09696388244629,-47.092010498046875,18.51123809814453,-40.294307708740234,-13.978898048400879,-35.89788818359375
2009-04-01,19.961071014404297,-36.028953552246094,-15.389894485473633,-39.98362731933594,-21.122875213623047,5.66663932800293,-21.420608520507812,-40.85579299926758,15.150413513183594,-27.19404411315918,-9.946554183959961,-27.249059677124023
2009-05-01,19.354278564453125,-26.017675399780273,-12.938451766967773,-31.592079162597656,-17.41739273071289,-4.215188980102539,-27.833200454711914,-27.82672691345215,9.139114379882812,-27.922195434570312,-16.815452575683594,-17.281471252441406
2009-06-01,22.42384147644043,-18.16010856628418,-12.051719665527344,-41.65028381347656,-12.250749588012695,-3.533964157104492,-36.03866195678711,-31.562955856323242,7.140741348266602,-35.39141845703125,-12.996702194213867,-12.27340316772461
2009-07-01,19.985340118408203,-8.773422241210938,-11.66175651550293,-22.687593460083008,-13.808996200561523,-7.195758819580078,-32.27654266357422,-13.61158561706543,7.702228546142578,-29.8930606842041,-21.927080154418945,-12.105121612548828
2009-08-01,21.45458984375,-9.736200332641602,-14.276630401611328,-19.396347045898438,-16.687620162963867,-3.726520538330078,-29.05487632751465,-12.198970794677734,8.87374496459961,-23.852636337280273,-19.922237396240234,-14.763683319091797
2009-09-01,23.71994972229004,-11.171468734741211,-9.564680099487305,-25.959423065185547,-12.619682312011719,0.12297821044921875,-28.11151695251465,-16.373708724975586,11.893146514892578,-26.805696487426758,-18.53550910949707,-9.404483795166016
2009-10-01,15.914161682128906,-20.257184982299805,-7.025857925415039,-40.69883728027344,-7.17957878112793,1.0469207763671875,-27.624465942382812,-33.145469665527344,10.931985855102539,-34.39627456665039,-14.495077133178711,-13.166604995727539
2009-11-01,9.012903213500977,-26.37527847290039,-8.436853408813477,-34.70048141479492,-11.577615737915039,-2.4660072326660156,-15.189247131347656,-34.20210266113281,4.6585540771484375,-28.651968002319336,-11.378585815429688,-17.763668060302734
2009-12-01,11.747516632080078,-45.56450653076172,-14.038768768310547,-51.09684371948242,-20.098609924316406,5.23298454284668,-22.490184783935547,-55.66639709472656,12.52906608581543,-30.472347259521484,-4.893180847167969,-32.878482818603516
2010-01-01,14.226139068603516,-46.69503402709961,-8.796175956726074,-45.59778594970703,-15.97709846496582,6.449424743652344,-24.045089721679688,-61.80989456176758,13.004770278930664,-40.98041534423828,-6.71422004699707,-35.86158752441406
2010-02-01,11.136306762695312,-46.14558792114258,-18.7127685546875,-34.097389221191406,-26.2197208404541,-0.43691253662109375,-6.765522003173828,-40.488887786865234,6.997222900390625,-15.497156143188477,-13.694891929626465,-39.62334060668945
2010-03-01,5.931419372558594,-39.58527374267578,-15.012249946594238,-37.47518539428711,-20.00530242919922,2.575136184692383,-21.73143768310547,-34.33404541015625,7.578117370605469,-23.954063415527344,-14.855029106140137,-30.974456787109375
2010-04-01,-2.9905357360839844,-30.48954963684082,-16.639087677001953,-36.26705551147461,-20.48027801513672,-10.015890121459961,-29.137435913085938,-32.079978942871094,-8.523107528686523,-32.012123107910156,-21.254804611206055,-24.30657196044922
2010-05-01,-13.231498718261719,-23.36820411682129,-15.142993927001953,-34.731239318847656,-17.6055908203125,-22.31398582458496,-30.26116371154785,-32.462276458740234,-17.948171615600586,-30.628568649291992,-22.087257385253906,-18.754140853881836
2010-06-01,-12.370914459228516,-20.15921401977539,-12.695289611816406,-27.494049072265625,-14.070571899414062,-21.83073616027832,-19.594867706298828,-26.424938201904297,-21.54608154296875,-25.663650512695312,-22.371910095214844,-12.647294998168945
2010-07-01,-15.934070587158203,-10.025819778442383,-18.482725143432617,-14.946052551269531,-17.431821823120117,-27.161401748657227,-25.98636817932129,-12.5711669921875,-22.373565673828125,-21.239910125732422,-35.83345031738281,-12.293130874633789
2010-08-01,-4.281410217285156,-5.95458984375,-18.970943450927734,-11.564943313598633,-18.15338706970215,-21.50139808654785,-27.18787956237793,-3.6376266479492188,-15.012252807617188,-17.471540451049805,-33.69853973388672,-11.0750732421875
2010-09-01,8.183834075927734,-7.829673767089844,-18.69291114807129,-21.60235023498535,-17.7330265045166,-8.764732360839844,-27.368270874023438,-10.462732315063477,0.06123542785644531,-23.732297897338867,-25.825836181640625,-7.500331878662109
2010-10-01,15.776849746704102,-12.24844741821289,-8.782936096191406,-28.57805633544922,-7.5367431640625,-3.4754409790039062,-20.970149993896484,-20.39090919494629,4.619026184082031,-30.853641510009766,-13.835565567016602,-2.545347213745117
2010-11-01,19.151336669921875,-34.31749725341797,-3.5896339416503906,-44.531986236572266,-10.825172424316406,10.421358108520508,-13.608833312988281,-45.34954071044922,13.130547523498535,-26.127042770385742,-0.7645969390869141,-19.92586326599121
2010-12-01,20.02019500732422,-44.73554611206055,0.9979486465454102,-37.273277282714844,-9.08414077758789,12.306371688842773,-25.721576690673828,-54.87225341796875,16.735076904296875,-39.12188720703125,0.03972053527832031,-31.249181747436523
2011-01-01,16.90500831604004,-42.9880256652832,4.017900466918945,-50.24656295776367,-5.296960830688477,16.171611785888672,-23.7459659576416,-67.53756713867188,19.729820251464844,-45.258399963378906,5.188180923461914,-27.595428466796875
2011-02-01,18.63323402404785,-52.26252746582031,-1.1386966705322266,-32.53446960449219,-14.56971549987793,13.132745742797852,-20.063182830810547,-47.005924224853516,15.462774276733398,-33.45560073852539,-4.402143478393555,-42.51605224609375
2011-03-01,17.154155731201172,-47.6761589050293,4.360034942626953,-42.54763412475586,-5.714542388916016,13.30644416809082,-24.05125617980957,-59.728111267089844,11.741390228271484,-40.357967376708984,7.251520156860352,-30.93081283569336
2011-04-01,16.378644943237305,-38.582374572753906,-4.691642761230469,-34.72413635253906,-15.476812362670898,9.872804641723633,-18.459529876708984,-38.87713623046875,11.067647933959961,-26.556743621826172,-2.9967575073242188,-32.17829513549805
2011-05-01,19.380666732788086,-20.30531120300293,-8.383201599121094,-41.31419372558594,-10.632524490356445,-1.3001155853271484,-34.46446228027344,-29.921951293945312,12.683582305908203,-31.93265724182129,-16.724288940429688,-12.308109283447266
2011-06-01,21.889659881591797,-13.041507720947266,-10.7518310546875,-40.41762161254883,-9.60611343383789,-7.32696533203125,-27.79369354248047,-27.346284866333008,10.376358032226562,-29.465774536132812,-19.328031539916992,-9.799114227294922
2011-07-01,21.74754524230957,-12.325653076171875,-14.732887268066406,-23.080997467041016,-16.948871612548828,-6.365478515625,-31.760711669921875,-15.439966201782227,9.06747055053711,-28.15337371826172,-25.377689361572266,-13.013435363769531
2011-08-01,22.451114654541016,-10.932548522949219,-16.461109161376953,-14.578485488891602,-20.752717971801758,-2.1335220336914062,-19.796493530273438,-9.058696746826172,11.74665641784668,-22.738861083984375,-20.643936157226562,-22.540597915649414
2011-09-01,26.205833435058594,-12.766046524047852,-12.415138244628906,-10.525495529174805,-15.98387336730957,-0.2754631042480469,-36.19970703125,-7.121685028076172,13.374872207641602,-29.176273345947266,-16.024227142333984,-17.087480545043945
2011-10-01,15.524185180664062,-13.720518112182617,-5.147823333740234,-31.592275619506836,-6.688312530517578,-3.8845558166503906,-19.754383087158203,-22.34935188293457,6.35845947265625,-27.155038833618164,-17.422597885131836,-3.0055313110351562
2011-11-01,15.48733901977539,-29.943008422851562,-7.611202239990234,-38.47709655761719,-11.106250762939453,1.580841064453125,-13.748587608337402,-42.64764404296875,4.667079925537109,-34.50481414794922,-12.899389266967773,-19.859657287597656
2011-12-01,16.43829917907715,-36.34532928466797,-7.014657974243164,-55.139984130859375,-12.11335563659668,0.28598785400390625,-17.847198486328125,-56.12428283691406,9.553478240966797,-35.676849365234375,-2.9651756286621094,-25.179426193237305
2012-01-01,16.043346405029297,-48.32258605957031,-13.428058624267578,-41.772640228271484,-20.59749984741211,-0.9811515808105469,-31.378456115722656,-66.45549011230469,8.09199333190918,-51.64945983886719,-10.89480972290039,-39.73666763305664
2012-02-01,15.256414413452148,-38.13768768310547,-8.825347900390625,-50.24805450439453,-14.137969017028809,7.988187789916992,-31.879077911376953,-57.988441467285156,16.301191329956055,-45.26025390625,-4.57257080078125,-29.14491081237793
2012-03-01,18.06592559814453,-43.631141662597656,-11.187814712524414,-37.298858642578125,-19.43719482421875,-1.5253067016601562,-27.914283752441406,-48.61726379394531,6.739143371582031,-42.790626525878906,-15.410451889038086,-33.012596130371094
2012-04-01,12.957571029663086,-32.009674072265625,-14.457763671875,-26.94485092163086,-18.707191467285156,-5.190395355224609,-22.117782592773438,-36.46839141845703,5.838357925415039,-30.203083038330078,-20.748188018798828,-26.969966888427734
2012-05-01,12.071855545043945,-30.6434268951416,-10.558271408081055,-35.01173400878906,-16.148826599121094,-9.451541900634766,-30.447532653808594,-33.53163146972656,0.54248046875,-34.66514587402344,-20.895530700683594,-19.999767303466797
2012-06-01,10.50301742553711,-19.328365325927734,-11.803966522216797,-40.79316329956055,-13.366106033325195,-9.14681625366211,-28.699541091918945,-34.01049041748047,-1.9053764343261719,-31.0084285736084,-15.973024368286133,-12.075204849243164
2012-07-01,4.828739166259766,-13.789710998535156,-17.697574615478516,-24.739770889282227,-16.209102630615234,-13.727760314941406,-28.275936126708984,-17.729387283325195,-5.65753173828125,-25.525026321411133,-29.76775550842285,-15.757038116455078
2012-08-01,9.583816528320312,-13.821521759033203,-16.78841781616211,-7.626533508300781,-19.926095962524414,-9.08151626586914,-24.605825424194336,-7.874332427978516,-0.8857154846191406,-18.44097328186035,-20.34467887878418,-19.124095916748047
2012-09-01,2.365814208984375,-16.565732955932617,-18.708866119384766,-8.69642448425293,-19.425474166870117,-11.529373168945312,-28.97747802734375,-9.315923690795898,-5.414756774902344,-26.465993881225586,-21.322481155395508,-12.785114288330078
2012-10-01,-2.3273086547851562,-20.744840621948242,-10.986894607543945,-33.61702346801758,-10.70058822631836,-13.327596664428711,-30.254987716674805,-28.5086669921875,-8.641170501708984,-39.41184997558594,-15.681692123413086,-13.58376693725586
2012-11-01,-4.607734680175781,-47.184043884277344,-16.436811447143555,-35.39849853515625,-22.79253578186035,-10.667098999023438,-14.901460647583008,-46.95466613769531,-7.899448394775391,-28.259193420410156,-17.34596824645996,-38.37042236328125
2012-12-01,-7.460777282714844,-45.75250244140625,-15.239673614501953,-45.14472198486328,-20.691261291503906,-7.891075134277344,-14.590032577514648,-53.137935638427734,-8.152267456054688,-27.89586639404297,-11.229671478271484,-36.74800109863281
2013-01-01,-5.3103179931640625,-49.89723587036133,-16.029617309570312,-47.65050506591797,-22.371912002563477,-9.127660751342773,-10.455642700195312,-59.91615295410156,-7.141349792480469,-31.813371658325195,-10.450794219970703,-37.98582458496094
2013-02-01,-0.6373023986816406,-34.734615325927734,-9.213390350341797,-38.90943145751953,-13.56613540649414,-5.0062255859375,-23.23889923095703,-46.29016876220703,-1.5431137084960938,-38.823699951171875,-9.640417098999023,-27.670902252197266
2013-03-01,-10.927963256835938,-39.67289733886719,-18.051517486572266,-32.56875228881836,-23.541378021240234,-7.828794479370117,-13.921989440917969,-40.39269256591797,-6.614036560058594,-22.041934967041016,-16.89013671875,-35.449554443359375
2013-04-01,-6.948863983154297,-37.278968811035156,-19.922988891601562,-40.072425842285156,-26.105146408081055,-16.68309783935547,-25.7606143951416,-41.36320495605469,-14.046539306640625,-31.91851043701172,-25.8382568359375,-27.40886688232422
2013-05-01,-2.8597755432128906,-27.86662483215332,-14.504297256469727,-33.40177917480469,-15.298498153686523,-19.410232543945312,-24.57335662841797,-37.031490325927734,-10.551080703735352,-26.438356399536133,-20.523088455200195,-20.890262603759766
2013-06-01,14.230936050415039,-19.31479835510254,-15.264532089233398,-34.768577575683594,-12.27859115600586,-12.767082214355469,-29.267396926879883,-30.896240234375,-1.5431137084960938,-28.984329223632812,-24.443954467773438,-10.735477447509766
2013-07-01,20.46323585510254,-12.568124771118164,-18.934682846069336,-16.00373649597168,-19.330974578857422,-12.276973724365234,-32.50243377685547,-19.141725540161133,3.395172119140625,-22.69217872619629,-20.990549087524414,-18.028871536254883
2013-08-01,21.600353240966797,-11.160884857177734,-10.575340270996094,-24.337194442749023,-12.33843994140625,-3.4906063079833984,-24.770692825317383,-17.684337615966797,6.295385360717773,-19.455522537231445,-11.845094680786133,-13.656715393066406
2013-09-01,21.399784088134766,-11.607320785522461,-9.732614517211914,-19.727266311645508,-12.506660461425781,1.7760372161865234,-32.35847473144531,-12.603710174560547,10.376386642456055,-29.1218204498291,-12.71855354309082,-12.966035842895508
2013-10-01,14.583555221557617,-15.465103149414062,-7.481029510498047,-28.83875274658203,-7.984075546264648,2.998880386352539,-21.54697608947754,-21.419191360473633,9.05002212524414,-27.86015510559082,-6.817842483520508,-7.718803405761719
2013-11-01,17.88652992248535,-35.946136474609375,-4.111734390258789,-36.81797790527344,-10.221104621887207,6.531543731689453,-18.253707885742188,-45.87284851074219,10.42167854309082,-31.756759643554688,-6.759613037109375,-23.589902877807617
2013-12-01,18.108129501342773,-48.49970245361328,-6.379497528076172,-46.827186584472656,-15.80801773071289,9.603212356567383,-16.357975006103516,-60.275245666503906,15.182037353515625,-31.535160064697266,-0.09219741821289062,-35.433380126953125
2014-01-01,19.123498916625977,-48.358497619628906,-8.156458854675293,-63.205955505371094,-16.927783966064453,11.786312103271484,-25.598554611206055,-65.8154296875,20.567527770996094,-40.055328369140625,-3.272144317626953,-35.63092803955078
2014-02-01,22.99402618408203,-58.709022521972656,-10.957149505615234,-39.07121276855469,-22.563783645629883,10.622518539428711,-23.745712280273438,-48.90083694458008,21.29283905029297,-34.10118103027344,-11.62311840057373,-47.16667938232422
2014-03-01,18.40642738342285,-48.618953704833984,-8.858691215515137,-39.30364227294922,-18.1954288482666,12.846258163452148,-15.963447570800781,-48.37333679199219,19.642757415771484,-25.367773056030273,-2.388582229614258,-37.33706283569336
2014-04-01,23.308876037597656,-40.216880798339844,-7.370155334472656,-35.101783752441406,-15.15077018737793,12.409420013427734,-17.691007614135742,-39.37782669067383,21.54999351501465,-28.801464080810547,-6.353069305419922,-33.31158447265625
2014-05-01,17.547595977783203,-26.53321647644043,-5.495883941650391,-38.75965881347656,-10.569766998291016,0.22418785095214844,-34.09129333496094,-35.33586120605469,14.628214836120605,-36.27711486816406,-17.745407104492188,-17.79486083984375
2014-06-01,18.33224868774414,-25.316667556762695,-6.860788345336914,-31.02520179748535,-10.208761215209961,-3.7370033264160156,-35.75621032714844,-35.401798248291016,6.0052490234375,-37.872802734375,-11.3758544921875,-18.4014835357666
2014-07-01,17.694307327270508,-16.715133666992188,-11.05111312866211,-28.524526596069336,-10.741203308105469,-5.113445281982422,-22.651151657104492,-23.760547637939453,5.205760955810547,-27.446447372436523,-22.298385620117188,-14.298530578613281
2014-08-01,15.393091201782227,-10.162605285644531,-12.249523162841797,-18.82513427734375,-13.098468780517578,-4.818378448486328,-32.34724807739258,-10.259862899780273,4.613971710205078,-31.982942581176758,-14.84745979309082,-12.519866943359375
2014-09-01,18.51357650756836,-12.762187957763672,-8.632854461669922,-32.830238342285156,-9.081230163574219,-3.141918182373047,-30.21087646484375,-20.32520866394043,5.79095458984375,-27.771190643310547,-15.862894058227539,-9.307065963745117
2014-10-01,7.460819244384766,-20.115856170654297,-8.756490707397461,-33.243995666503906,-7.1888275146484375,-5.042562484741211,-20.033435821533203,-30.781232833862305,2.095163345336914,-28.786624908447266,-15.111207962036133,-10.306018829345703
2014-11-01,1.1802787780761719,-31.6845760345459,-11.802797317504883,-39.27397155761719,-14.39743423461914,-5.17608642578125,-16.349180221557617,-37.34695053100586,-5.350822448730469,-28.36627960205078,-8.667470932006836,-19.400436401367188
2014-12-01,-0.5324440002441406,-40.88119888305664,-10.444486618041992,-52.227378845214844,-16.444791793823242,-4.526603698730469,-22.75830078125,-57.421600341796875,-3.8507423400878906,-34.30064392089844,-5.121686935424805,-29.019054412841797
2015-01-01,-0.6724433898925781,-45.56893539428711,-12.049016952514648,-42.973907470703125,-18.379180908203125,-1.2027626037597656,-20.30176544189453,-56.13703918457031,0.7565040588378906,-40.863338470458984,-7.598642349243164,-35.842918395996094
2015-02-01,-2.0769424438476562,-60.90224075317383,-19.186115264892578,-28.057823181152344,-26.74043846130371,-4.697954177856445,-14.109146118164062,-53.58327102661133,-1.8094902038574219,-24.990550994873047,-15.959901809692383,-47.511390686035156
2015-03-01,-4.539012908935547,-43.17869186401367,-16.618593215942383,-30.709400177001953,-22.716459274291992,-4.725465774536133,-18.204954147338867,-40.69217300415039,-3.4799118041992188,-29.092472076416016,-12.724517822265625,-35.76191711425781
2015-04-01,-10.698007583618164,-25.355810165405273,-16.238048553466797,-26.02825927734375,-20.839723587036133,-14.558462142944336,-10.678142547607422,-23.712902069091797,-11.130516052246094,-17.139739990234375,-21.839221954345703,-21.753637313842773
2015-05-01,-11.897716522216797,-20.839723587036133,-9.674057006835938,-33.67274475097656,-11.260419845581055,-12.645048141479492,-29.994163513183594,-26.5325927734375,-10.96087646484375,-32.04053497314453,-23.460735321044922,-14.206955909729004
2015-06-01,-14.436199188232422,-15.969070434570312,-8.909915924072266,-39.46800994873047,-6.3637847900390625,-19.112760543823242,-38.55257034301758,-31.190811157226562,-15.078081130981445,-41.343223571777344,-27.67269515991211,-9.542623519897461
2015-07-01,3.7595863342285156,-8.333749771118164,-17.284927368164062,-23.648714065551758,-15.55337905883789,-14.312406539916992,-25.652297973632812,-11.355171203613281,-3.2919273376464844,-28.797515869140625,-22.54987335205078,-11.43464469909668
2015-08-01,14.983327865600586,-11.20234489440918,-16.34197235107422,-25.79290008544922,-16.584972381591797,-5.274120330810547,-26.327800750732422,-11.888544082641602,10.065298080444336,-24.585552215576172,-18.869760513305664,-14.254331588745117
2015-09-01,20.251331329345703,-18.487688064575195,-9.996526718139648,-26.81379508972168,-12.14071273803711,6.527313232421875,-30.640628814697266,-20.213125228881836,18.12395668029785,-28.93964385986328,-8.830442428588867,-16.01797866821289
2015-10-01,14.802989959716797,-19.40924644470215,3.446287155151367,-35.1719970703125,-1.5863628387451172,9.0245361328125,-22.308406829833984,-31.652355194091797,16.748497009277344,-33.403770446777344,-0.2506389617919922,-9.63585090637207
2015-11-01,14.18556022644043,-23.68844985961914,-3.8573951721191406,-31.39712905883789,-7.994470596313477,4.030092239379883,-13.681224822998047,-30.189781188964844,13.725545883178711,-23.213153839111328,-6.57621955871582,-15.7627534866333
2015-12-01,13.279287338256836,-33.874481201171875,-5.636323928833008,-48.342777252197266,-11.63790512084961,11.651660919189453,-16.412273406982422,-49.78547668457031,18.594669342041016,-34.499549865722656,-3.117706298828125,-23.5157527923584
2016-01-01,7.970428466796875,-41.07568359375,-9.666265487670898,-54.227134704589844,-15.84735107421875,8.491859436035156,-13.252880096435547,-54.101924896240234,12.843976974487305,-31.247760772705078,-1.3439903259277344,-29.908525466918945
2016-02-01,10.969047546386719,-39.562110900878906,-9.21932601928711,-53.697776794433594,-14.439966201782227,9.02121353149414,-17.0439453125,-54.18434143066406,15.135734558105469,-27.754655838012695,-1.993795394897461,-27.336244583129883
2016-03-01,9.024385452270508,-42.84125900268555,-19.928451538085938,-39.80459976196289,-26.461383819580078,1.572214126586914,-12.831298828125,-39.36083221435547,11.189350128173828,-17.30386734008789,-11.70919418334961,-40.148529052734375
2016-04-01,1.1680660247802734,-22.83039093017578,-11.764664649963379,-37.964542388916016,-13.122919082641602,-6.420402526855469,-18.562274932861328,-26.548553466796875,-2.4137916564941406,-21.49115753173828,-14.162609100341797,-16.459117889404297
2016-05-01,-16.508251190185547,-15.98206615447998,-12.61099624633789,-24.511964797973633,-13.259218215942383,-21.841419219970703,-23.770233154296875,-19.83652687072754,-19.925281524658203,-23.221860885620117,-26.206214904785156,-9.693208694458008
2016-06-01,-10.75191879272461,-17.527339935302734,-10.537956237792969,-41.288063049316406,-8.637670516967773,-19.52113151550293,-28.73570442199707,-32.731224060058594,-17.129531860351562,-34.211509704589844,-17.208772659301758,-11.595083236694336
2016-07-01,-5.891048431396484,-15.44320297241211,-14.183212280273438,-28.558198928833008,-10.60769271850586,-17.595489501953125,-23.98102569580078,-21.18368911743164,-11.667985916137695,-25.160186767578125,-21.67658805847168,-15.853689193725586
2016-08-01,10.721805572509766,-21.40557098388672,-19.7208309173584,-10.35252571105957,-23.212350845336914,-6.320556640625,-18.9569091796875,-16.719043731689453,3.3203506469726562,-22.07122802734375,-19.641586303710938,-23.664047241210938
2016-09-01,13.03416633605957,-8.824687957763672,-13.292503356933594,-21.749494552612305,-12.265491485595703,-4.749927520751953,-28.81178092956543,-10.650484085083008,4.139743804931641,-31.5980224609375,-16.660398483276367,-10.786785125732422
2016-10-01,15.886974334716797,-13.076957702636719,-6.482215881347656,-36.073760986328125,-8.089298248291016,-3.8956680297851562,-35.43346405029297,-25.393165588378906,5.531278610229492,-36.24810028076172,-14.611133575439453,-7.510810852050781
2016-11-01,12.27817153930664,-31.249347686767578,-6.081235885620117,-40.048675537109375,-13.1672945022583,8.708990097045898,-20.556068420410156,-40.197654724121094,11.122783660888672,-31.244592666625977,-4.228496551513672,-19.476757049560547
2016-12-01,21.30889320373535,-39.303775787353516,-6.6660614013671875,-46.505531311035156,-14.820340156555176,7.6249237060546875,-20.82708740234375,-49.15547180175781,13.525480270385742,-33.544273376464844,-3.237936019897461,-28.494802474975586
2017-01-01,25.076904296875,-47.83097839355469,-3.710062026977539,-36.65708923339844,-13.202119827270508,13.512910842895508,-28.29812240600586,-60.306297302246094,21.13213348388672,-50.59895324707031,-2.2143821716308594,-36.50007247924805
2017-02-01,24.118635177612305,-48.88798904418945,-4.240995407104492,-50.811004638671875,-13.268487930297852,16.52045440673828,-23.165218353271484,-65.72409057617188,23.793275833129883,-37.12003707885742,1.9537696838378906,-34.912132263183594
2017-03-01,21.404075622558594,-50.10848617553711,0.5196027755737305,-37.262481689453125,-9.301053047180176,13.015970230102539,-22.776731491088867,-57.77788543701172,18.83357810974121,-36.827049255371094,-0.39658164978027344,-38.02165222167969
2017-04-01,20.165767669677734,-30.488222122192383,-3.205026626586914,-36.39324188232422,-12.219568252563477,9.976049423217773,-20.65461540222168,-36.60205078125,14.735029220581055,-24.615577697753906,-4.297649383544922,-21.991662979125977
2017-05-01,22.894899368286133,-25.90567970275879,-11.139896392822266,-32.14253234863281,-15.138086318969727,0.5471210479736328,-18.064695358276367,-30.221134185791016,13.616507530212402,-22.577632904052734,-16.73897933959961,-16.78106689453125
2017-06-01,22.35586929321289,-21.158031463623047,-3.6129379272460938,-41.21858215332031,-5.098907470703125,-5.41131591796875,-27.111610412597656,-34.541446685791016,6.065269470214844,-34.5511589050293,-12.936653137207031,-8.930370330810547
2017-07-01,23.33032989501953,-14.812728881835938,-15.963623046875,-17.44797134399414,-15.976572036743164,-5.485774993896484,-18.190956115722656,-14.013090133666992,9.671731948852539,-20.534833908081055,-24.236801147460938,-15.414884567260742
2017-08-01,20.973501205444336,-11.476585388183594,-14.650856018066406,-19.754619598388672,-16.05750846862793,-1.6008949279785156,-27.10999298095703,-15.424596786499023,10.668855667114258,-24.230323791503906,-14.051939010620117,-17.30228614807129
2017-09-01,21.80227279663086,-14.540786743164062,-8.635765075683594,-33.47148513793945,-8.467422485351562,-5.464733123779297,-37.031009674072266,-24.445613861083984,6.549261093139648,-34.4637451171875,-20.283933639526367,-7.460592269897461
2017-10-01,15.426214218139648,-11.665971755981445,-7.523719787597656,-31.658540725708008,-7.203216552734375,-5.752861022949219,-32.773826599121094,-19.173505783081055,4.124448776245117,-33.66735076904297,-11.71615219116211,-5.501962661743164
2017-11-01,14.238090515136719,-33.85350036621094,-6.774259567260742,-39.985137939453125,-10.782161712646484,-3.9285850524902344,-23.480865478515625,-45.54213333129883,3.022113800048828,-39.099708557128906,-13.151941299438477,-22.595436096191406
2017-12-01,12.32154655456543,-37.82417297363281,-7.908969879150391,-52.35038757324219,-14.351396560668945,3.3685150146484375,-15.926393508911133,-49.50471496582031,10.16058349609375,-30.601530075073242,-3.8654556274414062,-23.972951889038086
2018-01-01,19.371723175048828,-45.35674285888672,-10.636932373046875,-48.82544708251953,-17.407377243041992,4.946876525878906,-25.26312255859375,-61.82942199707031,11.321178436279297,-46.0458984375,-6.850654602050781,-34.382598876953125
2018-02-01,15.225317001342773,-50.35927200317383,-14.73422908782959,-58.70610809326172,-21.7633113861084,4.010540008544922,-31.328041076660156,-63.72010040283203,13.275701522827148,-39.19033432006836,-11.085458755493164,-38.58302307128906
2018-03-01,10.13438606262207,-48.09536361694336,-17.381183624267578,-30.92534828186035,-24.77530860900879,0.9183311462402344,-8.458145141601562,-40.38858413696289,10.514158248901367,-13.956676483154297,-16.768964767456055,-35.15851593017578
2018-04-01,5.205516815185547,-23.735843658447266,-18.8118839263916,-27.8445987701416,-19.422468185424805,-6.010898590087891,-12.892654418945312,-20.533960342407227,2.326112747192383,-15.893194198608398,-19.474849700927734,-27.171812057495117
2018-05-01,-7.320461273193359,-16.12236785888672,-11.034709930419922,-29.637065887451172,-10.835002899169922,-14.310260772705078,-27.193092346191406,-21.431011199951172,-8.726604461669922,-31.673437118530273,-23.70146942138672,-12.578359603881836
2018-06-01,-4.804462432861328,-16.51359748840332,-12.327905654907227,-34.690345764160156,-12.067628860473633,-15.133644104003906,-25.662538528442383,-24.565778732299805,-12.406478881835938,-26.71510124206543,-23.755489349365234,-8.561273574829102
2018-07-01,-7.313911437988281,-12.498147964477539,-21.015222549438477,-16.61672592163086,-21.52922821044922,-19.360261917114258,-20.14272689819336,-11.003610610961914,-13.447582244873047,-16.415382385253906,-25.169815063476562,-17.577621459960938
2018-08-01,-2.1394996643066406,-8.909944534301758,-20.24094581604004,-19.081981658935547,-20.242582321166992,-16.695301055908203,-15.480682373046875,-8.366476058959961,-10.641841888427734,-11.440677642822266,-24.490478515625,-15.156562805175781
2018-09-01,-10.17367172241211,-4.175870895385742,-15.261329650878906,-23.634353637695312,-11.208229064941406,-19.065610885620117,-34.631412506103516,-12.542346954345703,-13.472137451171875,-29.240921020507812,-23.825876235961914,-4.260993957519531
2018-10-01,-19.199840545654297,-16.06671142578125,-14.207130432128906,-35.242000579833984,-10.584548950195312,-19.021413803100586,-17.526874542236328,-23.46902084350586,-19.01486587524414,-28.098325729370117,-16.88518714904785,-5.04345703125
2018-11-01,-17.135643005371094,-34.029014587402344,-14.932300567626953,-32.15961456298828,-16.50705337524414,-12.804258346557617,-12.884471893310547,-39.20343017578125,-17.648008346557617,-25.192733764648438,-11.468503952026367,-26.816591262817383
2018-12-01,-3.015270233154297,-29.864601135253906,-9.604015350341797,-50.57535171508789,-12.884469985961914,-6.374303817749023,-28.550127029418945,-47.776161193847656,-5.688419342041016,-44.54153823852539,-9.944498062133789,-21.33606719970703
2019-01-01,-1.3139152526855469,-42.0088996887207,-9.629316329956055,-32.63442611694336,-15.055423736572266,1.1335411071777344,-17.883487701416016,-52.99846649169922,2.9554824829101562,-39.46380615234375,-8.878034591674805,-33.21360778808594
2019-02-01,3.157369613647461,-35.626312255859375,-14.163482666015625,-35.90266799926758,-19.49030303955078,2.7982749938964844,-15.718997955322266,-43.518089294433594,6.981626510620117,-30.660245895385742,-9.078264236450195,-32.73206329345703
2019-03-01,17.95133399963379,-46.33621597290039,-8.184669494628906,-45.272178649902344,-15.791812896728516,8.795293807983398,-20.69831085205078,-53.45022964477539,15.118307113647461,-31.699459075927734,-7.540950775146484,-33.637237548828125
2019-04-01,14.1121826171875,-35.64451599121094,-12.085047721862793,-42.83795928955078,-18.322010040283203,3.8970680236816406,-23.06137466430664,-42.70722961425781,15.017364501953125,-27.51611328125,-12.511987686157227,-29.68390655517578
2019-05-01,15.71072769165039,-27.43998908996582,-8.417997360229492,-29.412517547607422,-14.246223449707031,1.7193431854248047,-30.471595764160156,-31.26921272277832,11.588603973388672,-31.666364669799805,-14.562292098999023,-21.1219425201416
2019-06-01,15.978805541992188,-22.055252075195312,-9.030277252197266,-36.58776092529297,-11.234477996826172,-7.218263626098633,-30.73305320739746,-32.13964080810547,6.870754241943359,-30.521240234375,-23.109363555908203,-9.644208908081055
2019-07-01,18.74233055114746,-14.181684494018555,-8.805221557617188,-26.273351669311523,-11.83517074584961,-6.294879913330078,-29.008747100830078,-19.664058685302734,8.022500991821289,-28.921039581298828,-17.032915115356445,-13.576026916503906
2019-08-01,22.042015075683594,-9.996681213378906,-13.005115509033203,-23.79610824584961,-13.33773422241211,-0.3342704772949219,-26.835987091064453,-13.04317855834961,9.530025482177734,-22.40607261657715,-15.987079620361328,-11.894744873046875
2019-09-01,16.94686508178711,-9.194101333618164,-10.195259094238281,-26.306447982788086,-12.932306289672852,0.02978515625,-21.320518493652344,-13.395652770996094,9.69881820678711,-23.053098678588867,-11.376791000366211,-8.810188293457031
2019-10-01,9.369510650634766,-17.09083366394043,-10.304475784301758,-32.05027770996094,-10.084388732910156,-0.35909271240234375,-22.391178131103516,-24.332265853881836,6.615915298461914,-25.217586517333984,-13.731578826904297,-7.95796012878418
2019-11-01,9.204030990600586,-30.378923416137695,-1.7557487487792969,-47.78748321533203,-6.801252365112305,6.263439178466797,-23.115983963012695,-43.48829650878906,7.952995300292969,-29.058391571044922,0.6205520629882812,-15.037221908569336
2019-12-01,5.174577713012695,-35.995338439941406,-5.949026107788086,-50.07938766479492,-12.060224533081055,8.700969696044922,-8.669527053833008,-50.32099151611328,11.859992980957031,-30.68837547302246,-2.2919063568115234,-24.196571350097656
2020-01-01,5.840597152709961,-50.01860046386719,-15.277422904968262,-47.39826202392578,-22.587570190429688,5.753959655761719,-18.03670883178711,-57.32221221923828,9.678754806518555,-35.10734176635742,-5.672229766845703,-39.06482696533203
2020-02-01,5.073949813842773,-46.262184143066406,-13.292960166931152,-40.426490783691406,-17.6868953704834,3.3690128326416016,-14.963569641113281,-55.4309196472168,7.243127822875977,-30.182146072387695,-6.63667106628418,-34.478004455566406
2020-03-01,3.7171878814697266,-50.05619812011719,-15.43598461151123,-32.82046890258789,-24.397127151489258,-2.206775665283203,-20.217327117919922,-42.34883499145508,1.9599437713623047,-28.537687301635742,-18.826242446899414,-41.85517120361328
2020-04-01,-5.682037353515625,-42.782012939453125,-19.09105682373047,-41.09015655517578,-26.597362518310547,-8.274589538574219,-21.343603134155273,-45.75053405761719,-6.693885803222656,-28.82211685180664,-16.997072219848633,-32.56546401977539
2020-05-01,-9.659133911132812,-18.612104415893555,-12.148704528808594,-33.00518035888672,-13.317480087280273,-13.915761947631836,-21.098405838012695,-25.507051467895508,-12.15361213684082,-27.828250885009766,-22.167465209960938,-15.243095397949219
2020-06-01,-14.06124496459961,-13.471138000488281,-8.547576904296875,-37.37950134277344,-6.303203582763672,-19.81520652770996,-37.531524658203125,-24.07673454284668,-18.80499267578125,-34.451847076416016,-21.628032684326172,-7.498130798339844
2020-07-01,-5.484245300292969,-7.113986968994141,-10.360401153564453,-26.046485900878906,-9.399227142333984,-19.60923957824707,-33.19807434082031,-14.836067199707031,-11.61581039428711,-33.79145050048828,-25.85196304321289,-5.639533996582031
2020-08-01,12.250055313110352,-10.693868637084961,-15.980321884155273,-15.58310317993164,-16.08657455444336,-9.3763427734375,-26.53034019470215,-6.903120040893555,1.1001205444335938,-18.226329803466797,-21.744091033935547,-12.527946472167969
2020-09-01,14.667699813842773,-11.15974235534668,-13.60844612121582,-16.194459915161133,-15.556949615478516,0.1029815673828125,-31.316591262817383,-11.681196212768555,8.400457382202148,-30.03339385986328,-16.73389434814453,-7.1205291748046875
2020-10-01,22.925945281982422,-14.505870819091797,-4.477300643920898,-31.76285171508789,-7.393516540527344,3.540647506713867,-39.171077728271484,-22.067750930786133,13.869991302490234,-39.77916717529297,-10.59579086303711,-4.771535873413086
2020-11-01,15.808683395385742,-23.517684936523438,-0.026155471801757812,-36.64064407348633,-4.784616470336914,3.8087291717529297,-21.840538024902344,-31.583038330078125,9.62971305847168,-36.07178497314453,-5.536554336547852,-11.720428466796875
2020-12-01,21.8421688079834,-35.75629425048828,-1.4744529724121094,-63.74311065673828,-9.309322357177734,11.702449798583984,-29.057506561279297,-59.7987060546875,20.421661376953125,-44.62916564941406,1.5856094360351562,-23.591243743896484
2021-01-01,20.472976684570312,-34.4318962097168,1.3306846618652344,-53.6953125,-7.031726837158203,9.890541076660156,-15.586603164672852,-56.05802536010742,20.902711868286133,-31.841875076293945,2.3842830657958984,-24.272563934326172
2021-02-01,16.14244270324707,-39.81105041503906,1.1116695404052734,-43.42314910888672,-7.118005752563477,12.689630508422852,-16.373069763183594,-55.18362045288086,19.062646865844727,-28.999649047851562,-0.3982105255126953,-28.105335235595703
2021-03-01,20.151090621948242,-39.19880676269531,-6.983608245849609,-27.031829833984375,-17.199356079101562,8.208105087280273,-15.32611083984375,-35.04248809814453,14.800140380859375,-23.62547492980957,-11.056966781616211,-29.424406051635742
2021-04-01,19.518930435180664,-35.631507873535156,-10.771581649780273,-28.997987747192383,-18.840314865112305,4.833274841308594,-30.61737823486328,-38.437225341796875,17.393484115600586,-36.144203186035156,-16.990299224853516,-31.919858932495117
2021-05-01,16.26688003540039,-20.77329444885254,-8.442052841186523,-37.951080322265625,-10.612297058105469,-5.717634201049805,-31.05375099182129,-29.110815048217773,9.565338134765625,-38.009151458740234,-21.445270538330078,-10.851224899291992
2021-06-01,19.289958953857422,-18.80712890625,-8.802104949951172,-32.679771423339844,-10.45135498046875,-5.885215759277344,-34.82512664794922,-25.394189834594727,6.719795227050781,-33.92584228515625,-15.040727615356445,-14.068429946899414
2021-07-01,25.06068992614746,-20.554279327392578,-15.062294006347656,-19.28166389465332,-15.993112564086914,-6.462615966796875,-22.245010375976562,-17.604202270507812,6.525669097900391,-22.865554809570312,-28.196592330932617,-16.006385803222656
2021-08-01,17.42667007446289,-7.3121337890625,-14.549598693847656,-21.169841766357422,-13.403087615966797,-6.519031524658203,-35.0955810546875,-10.474584579467773,5.631355285644531,-30.013425827026367,-19.9951229095459,-6.681632995605469
2021-09-01,18.875160217285156,-9.485696792602539,-12.759315490722656,-22.77429962158203,-11.647647857666016,-6.363067626953125,-24.539695739746094,-15.825532913208008,7.881242752075195,-20.851276397705078,-16.114233016967773,-10.107898712158203
2021-10-01,17.444921493530273,-15.780733108520508,-11.043693542480469,-27.713764190673828,-12.787519454956055,-2.7891311645507812,-28.30609893798828,-21.246166229248047,7.557695388793945,-26.663482666015625,-16.489215850830078,-7.028409957885742
2021-11-01,12.409221649169922,-41.188194274902344,-10.866157531738281,-40.551055908203125,-16.792850494384766,-1.5397453308105469,-8.07868766784668,-44.13163757324219,1.7222576141357422,-19.1854305267334,-5.06556510925293,-24.770326614379883
2021-12-01,4.8996429443359375,-41.73075485229492,-11.787017822265625,-43.14937973022461,-18.803813934326172,-2.2117271423339844,-18.870182037353516,-55.211830139160156,3.7448348999023438,-37.708839416503906,-12.006034851074219,-29.20539093017578
2022-01-01,6.112783432006836,-50.2587776184082,-17.187528610229492,-46.190956115722656,-22.717252731323242,-1.9378662109375,-14.564605712890625,-67.7182846069336,6.408561706542969,-37.39745330810547,-12.08277702331543,-39.88948440551758
2022-02-01,7.176908493041992,-42.9849739074707,-10.845260620117188,-46.524131774902344,-16.65206527709961,0.4470672607421875,-21.92000961303711,-63.351287841796875,8.708505630493164,-44.264984130859375,-10.926856994628906,-34.48385238647461
2022-03-01,5.667415618896484,-34.40565490722656,-14.676800727844238,-39.328521728515625,-20.855878829956055,-5.908796310424805,-15.939811706542969,-39.59540557861328,1.932769775390625,-24.600727081298828,-15.905815124511719,-30.754304885864258
2022-04-01,-2.9102020263671875,-23.8748722076416,-11.732601165771484,-27.040058135986328,-14.31982421875,-11.219236373901367,-10.226503372192383,-26.050724029541016,-6.352470397949219,-12.41595458984375,-20.430908203125,-19.006404876708984
2022-05-01,-9.551647186279297,-22.122291564941406,-10.15850830078125,-35.37459182739258,-10.597078323364258,-20.38671112060547,-23.41420555114746,-31.306764602661133,-19.25798988342285,-28.289470672607422,-24.85230827331543,-11.377323150634766
2022-06-01,-13.833656311035156,-15.142568588256836,-10.455989837646484,-40.44364547729492,-10.165307998657227,-20.106231689453125,-27.038358688354492,-27.238943099975586,-18.421642303466797,-28.3880672454834,-18.751422882080078,-6.966123580932617
2022-07-01,-9.68593978881836,-13.865955352783203,-14.585006713867188,-24.650020599365234,-12.990516662597656,-23.30031394958496,-29.494691848754883,-17.57000160217285,-20.42070770263672,-25.829742431640625,-26.615087509155273,-9.57034683227539
2022-08-01,1.0420303344726562,-10.133010864257812,-16.27808952331543,-14.290924072265625,-14.195732116699219,-17.02263832092285,-22.76654815673828,-9.908624649047852,-10.025917053222656,-19.93964195251465,-23.881671905517578,-9.847431182861328
2022-09-01,14.109037399291992,-8.5504150390625,-12.482250213623047,-10.399890899658203,-11.564310073852539,-1.6522865295410156,-27.864501953125,-6.97972297668457,7.555986404418945,-28.6634464263916,-13.996845245361328,-12.820526123046875
2022-10-01,17.172231674194336,-14.372520446777344,-2.736814498901367,-25.117488861083984,-4.61518669128418,1.3956050872802734,-33.55231475830078,-22.79204750061035,10.065013885498047,-37.003082275390625,-9.507450103759766,-5.026556015014648
2022-11-01,20.62469482421875,-29.974056243896484,0.1597881317138672,-33.880393981933594,-5.86290168762207,10.687171936035156,-20.5447998046875,-39.625999450683594,15.620235443115234,-34.24586868286133,0.1886882781982422,-21.07346534729004
2022-12-01,21.68882179260254,-33.12054443359375,0.9995326995849609,-55.82080078125,-6.964426040649414,11.992681503295898,-23.307111740112305,-51.924659729003906,20.123228073120117,-39.20273208618164,5.422630310058594,-22.10699462890625
